1
1
18
0
(1 0
((0,0,0) (63,63,17) (0,0,0))
)
1
FabOnDisk: Cell_D_00000 0

1,18
0.00000000000000000e+00,0.00000000000000000e+00,-1.67703947232648642e-01,-4.31522475502319980e-01,-1.25841526074457437e+08,-3.40631868475820839e+08,-0.00000000000000000e+00,-2.01728934042568952e+08,0.00000000000000000e+00,0.00000000000000000e+00,0.00000000000000000e+00,8.85000000000000046e-11,0.00000000000000000e+00,0.00000000000000000e+00,0.00000000000000000e+00,0.00000000000000000e+00,0.00000000000000000e+00,1.15509294518921796e-09,

1,18
0.00000000000000000e+00,0.00000000000000000e+00,1.67708680276450056e-01,4.31485392580786109e-01,1.25858982479144767e+08,3.40501601294633806e+08,-0.00000000000000000e+00,2.01718776494943887e+08,0.00000000000000000e+00,0.00000000000000000e+00,0.00000000000000000e+00,2.12400000000000011e-10,1.00000000000000000e+00,0.00000000000000000e+00,0.00000000000000000e+00,0.00000000000000000e+00,0.00000000000000000e+00,2.03778429804483324e-05,

