1
1
18
0
(1 0
((0,0,0) (63,63,17) (0,0,0))
)
1
FabOnDisk: Cell_D_00000 0

1,18
0.00000000000000000e+00,0.00000000000000000e+00,-1.67665501596922450e-01,-4.29895979346491541e-01,-1.25774742337869674e+08,-3.39991045210370243e+08,-0.00000000000000000e+00,-2.01320469703088135e+08,0.00000000000000000e+00,0.00000000000000000e+00,0.00000000000000000e+00,8.85000000000000046e-11,0.00000000000000000e+00,0.00000000000000000e+00,0.00000000000000000e+00,0.00000000000000000e+00,0.00000000000000000e+00,1.17581455851489889e-11,

1,18
0.00000000000000000e+00,0.00000000000000000e+00,1.67665513516138065e-01,4.29895862368960879e-01,1.25774823061886102e+08,3.39990565826702297e+08,-0.00000000000000000e+00,2.01320411945707321e+08,0.00000000000000000e+00,0.00000000000000000e+00,0.00000000000000000e+00,2.12400000000000011e-10,1.00000000000000000e+00,0.00000000000000000e+00,0.00000000000000000e+00,0.00000000000000000e+00,0.00000000000000000e+00,8.89909072050920896e-07,

