1
1
18
0
(1 0
((0,0,0) (63,63,17) (0,0,0))
)
1
FabOnDisk: Cell_D_00000 0

1,18
0.00000000000000000e+00,0.00000000000000000e+00,-1.67693943304213611e-01,-4.31032013138344605e-01,-1.25823215557221875e+08,-3.40444607703285873e+08,-0.00000000000000000e+00,-2.01607998984915614e+08,0.00000000000000000e+00,0.00000000000000000e+00,0.00000000000000000e+00,8.85000000000000046e-11,0.00000000000000000e+00,0.00000000000000000e+00,0.00000000000000000e+00,0.00000000000000000e+00,0.00000000000000000e+00,2.48288482152386064e-09,

1,18
0.00000000000000000e+00,0.00000000000000000e+00,1.67696952576590202e-01,4.31007051806836294e-01,1.25835511953482896e+08,3.40356439421048820e+08,-0.00000000000000000e+00,2.01600622125446081e+08,0.00000000000000000e+00,0.00000000000000000e+00,0.00000000000000000e+00,2.12400000000000011e-10,1.00000000000000000e+00,0.00000000000000000e+00,0.00000000000000000e+00,0.00000000000000000e+00,0.00000000000000000e+00,1.43931244506189412e-05,

