1
1
18
0
(1 0
((0,0,0) (63,63,17) (0,0,0))
)
1
FabOnDisk: Cell_D_00000 0

1,18
0.00000000000000000e+00,0.00000000000000000e+00,-1.67659060017754602e-01,-4.29848143425374252e-01,-1.25765239294911131e+08,-3.39946509039953113e+08,-0.00000000000000000e+00,-2.01300678049231827e+08,0.00000000000000000e+00,0.00000000000000000e+00,0.00000000000000000e+00,8.85000000000000046e-11,0.00000000000000000e+00,0.00000000000000000e+00,0.00000000000000000e+00,0.00000000000000000e+00,0.00000000000000000e+00,6.04575089173883494e-10,

1,18
0.00000000000000000e+00,0.00000000000000000e+00,1.67659060053780617e-01,4.29848143062565080e-01,1.25765239655471385e+08,3.39946507155034781e+08,-0.00000000000000000e+00,2.01300677759114474e+08,0.00000000000000000e+00,0.00000000000000000e+00,0.00000000000000000e+00,2.12400000000000011e-10,1.00000000000000000e+00,0.00000000000000000e+00,0.00000000000000000e+00,0.00000000000000000e+00,0.00000000000000000e+00,8.46245067284597826e-07,

