1
1
18
0
(1 0
((0,0,0) (63,63,17) (0,0,0))
)
1
FabOnDisk: Cell_D_00000 0

1,18
0.00000000000000000e+00,0.00000000000000000e+00,-1.67671897506586676e-01,-4.30059374757803148e-01,-1.25784855010763183e+08,-3.40066983831799924e+08,-0.00000000000000000e+00,-2.01365196717141032e+08,0.00000000000000000e+00,0.00000000000000000e+00,0.00000000000000000e+00,8.85000000000000046e-11,0.00000000000000000e+00,0.00000000000000000e+00,0.00000000000000000e+00,0.00000000000000000e+00,0.00000000000000000e+00,2.28568378453789422e-10,

1,18
0.00000000000000000e+00,0.00000000000000000e+00,1.67672212574702412e-01,4.30056380666328397e-01,1.25786581034360439e+08,3.40055882626014888e+08,-0.00000000000000000e+00,2.01364061356990069e+08,0.00000000000000000e+00,0.00000000000000000e+00,0.00000000000000000e+00,2.12400000000000011e-10,1.00000000000000000e+00,0.00000000000000000e+00,0.00000000000000000e+00,0.00000000000000000e+00,0.00000000000000000e+00,2.61539745454487497e-06,

