1
1
18
0
(1 0
((0,0,0) (63,63,17) (0,0,0))
)
1
FabOnDisk: Cell_D_00000 0

1,18
0.00000000000000000e+00,0.00000000000000000e+00,-1.67661017817992281e-01,-4.29861065253016761e-01,-1.25768119473966286e+08,-3.39959604463291526e+08,-0.00000000000000000e+00,-2.01306342772215545e+08,0.00000000000000000e+00,0.00000000000000000e+00,0.00000000000000000e+00,8.85000000000000046e-11,0.00000000000000000e+00,0.00000000000000000e+00,0.00000000000000000e+00,0.00000000000000000e+00,0.00000000000000000e+00,5.65305489996031554e-10,

1,18
0.00000000000000000e+00,0.00000000000000000e+00,1.67661018025883624e-01,4.29861063178675673e-01,1.25768121306536615e+08,3.39959594527906895e+08,-0.00000000000000000e+00,2.01306341347865224e+08,0.00000000000000000e+00,0.00000000000000000e+00,0.00000000000000000e+00,2.12400000000000011e-10,1.00000000000000000e+00,0.00000000000000000e+00,0.00000000000000000e+00,0.00000000000000000e+00,0.00000000000000000e+00,8.36268257385231207e-07,

