1
1
18
0
(1 0
((0,0,0) (63,63,17) (0,0,0))
)
1
FabOnDisk: Cell_D_00000 0

1,18
0.00000000000000000e+00,0.00000000000000000e+00,-1.67668226946725507e-01,-4.29943477402288610e-01,-1.25778912893374994e+08,-3.40017326446399152e+08,-0.00000000000000000e+00,-2.01334743736853838e+08,0.00000000000000000e+00,0.00000000000000000e+00,0.00000000000000000e+00,8.85000000000000046e-11,0.00000000000000000e+00,0.00000000000000000e+00,0.00000000000000000e+00,0.00000000000000000e+00,0.00000000000000000e+00,2.40604046763294220e-11,

1,18
0.00000000000000000e+00,0.00000000000000000e+00,1.67668308184108106e-01,4.29942689178125670e-01,1.25779402503232539e+08,3.40014288851527154e+08,-0.00000000000000000e+00,2.01334409372307539e+08,0.00000000000000000e+00,0.00000000000000000e+00,0.00000000000000000e+00,2.12400000000000011e-10,1.00000000000000000e+00,0.00000000000000000e+00,0.00000000000000000e+00,0.00000000000000000e+00,0.00000000000000000e+00,1.30446538287281256e-06,

