1
1
18
0
(1 0
((0,0,0) (63,63,17) (0,0,0))
)
1
FabOnDisk: Cell_D_00000 0

1,18
0.00000000000000000e+00,0.00000000000000000e+00,-1.67746749356298325e-01,-4.33902722722713963e-01,-1.25927125840426743e+08,-3.41533898609682918e+08,-0.00000000000000000e+00,-2.02309026003747135e+08,0.00000000000000000e+00,0.00000000000000000e+00,0.00000000000000000e+00,8.85000000000000046e-11,0.00000000000000000e+00,0.00000000000000000e+00,0.00000000000000000e+00,0.00000000000000000e+00,0.00000000000000000e+00,1.83430095404431983e-08,

1,18
0.00000000000000000e+00,0.00000000000000000e+00,1.67763122758083361e-01,4.33799320213939021e-01,1.25967993057975903e+08,3.41172393612379789e+08,-0.00000000000000000e+00,2.02288376494684249e+08,0.00000000000000000e+00,0.00000000000000000e+00,0.00000000000000000e+00,2.12400000000000011e-10,1.00000000000000000e+00,0.00000000000000000e+00,0.00000000000000000e+00,0.00000000000000000e+00,0.00000000000000000e+00,4.93854405968498529e-05,

