1
1
18
0
(1 0
((0,0,0) (63,63,17) (0,0,0))
)
1
FabOnDisk: Cell_D_00000 0

1,18
0.00000000000000000e+00,0.00000000000000000e+00,-1.67735739294512021e-01,-4.33240628302020259e-01,-1.25903773345338956e+08,-3.41283796787640750e+08,-0.00000000000000000e+00,-2.02148693084380955e+08,0.00000000000000000e+00,0.00000000000000000e+00,0.00000000000000000e+00,8.85000000000000046e-11,0.00000000000000000e+00,0.00000000000000000e+00,0.00000000000000000e+00,0.00000000000000000e+00,0.00000000000000000e+00,2.46409360529404797e-09,

1,18
0.00000000000000000e+00,0.00000000000000000e+00,1.67748330206653584e-01,4.33156869434431435e-01,1.25938392521147519e+08,3.40991037387653112e+08,-0.00000000000000000e+00,2.02130480275546402e+08,0.00000000000000000e+00,0.00000000000000000e+00,0.00000000000000000e+00,2.12400000000000011e-10,1.00000000000000000e+00,0.00000000000000000e+00,0.00000000000000000e+00,0.00000000000000000e+00,0.00000000000000000e+00,4.13292999078727029e-05,

