1
1
18
0
(1 0
((0,0,0) (63,63,17) (0,0,0))
)
1
FabOnDisk: Cell_D_00000 0

1,18
0.00000000000000000e+00,0.00000000000000000e+00,-1.67732284351319844e-01,-4.54142681980171770e-01,-1.26497026426117778e+08,-3.48970679809030354e+08,-0.00000000000000000e+00,-2.06853104290904969e+08,0.00000000000000000e+00,0.00000000000000000e+00,0.00000000000000000e+00,8.85000000000000046e-11,0.00000000000000000e+00,0.00000000000000000e+00,0.00000000000000000e+00,0.00000000000000000e+00,0.00000000000000000e+00,1.76194660803246831e-07,

1,18
0.00000000000000000e+00,0.00000000000000000e+00,1.68092770376152362e-01,4.52945711653647776e-01,1.26638716857313275e+08,3.44830551589100301e+08,-0.00000000000000000e+00,2.06938052276525080e+08,0.00000000000000000e+00,0.00000000000000000e+00,0.00000000000000000e+00,2.12400000000000011e-10,1.00000000000000000e+00,0.00000000000000000e+00,0.00000000000000000e+00,0.00000000000000000e+00,0.00000000000000000e+00,2.87226034181316270e-04,

