1
1
18
0
(1 0
((0,0,0) (63,63,17) (0,0,0))
)
1
FabOnDisk: Cell_D_00000 0

1,18
0.00000000000000000e+00,0.00000000000000000e+00,-1.32311026518506125e-01,-3.33240182791332329e-01,-7.91636399119727314e+07,-2.38312719319057226e+08,-0.00000000000000000e+00,-1.81288559533810526e+08,0.00000000000000000e+00,0.00000000000000000e+00,0.00000000000000000e+00,8.85000000000000046e-11,0.00000000000000000e+00,0.00000000000000000e+00,0.00000000000000000e+00,0.00000000000000000e+00,0.00000000000000000e+00,2.46180423760070931e-07,

1,18
0.00000000000000000e+00,0.00000000000000000e+00,1.31055841173688764e-01,3.55884182464008214e-01,8.23136296920936704e+07,2.42197918295627028e+08,-0.00000000000000000e+00,1.88921263538897157e+08,0.00000000000000000e+00,0.00000000000000000e+00,0.00000000000000000e+00,2.12400000000000011e-10,1.00000000000000000e+00,0.00000000000000000e+00,0.00000000000000000e+00,0.00000000000000000e+00,0.00000000000000000e+00,1.25772528171886350e-02,

