1
1
18
0
(1 0
((0,0,0) (63,63,17) (0,0,0))
)
1
FabOnDisk: Cell_D_00000 0

1,18
0.00000000000000000e+00,0.00000000000000000e+00,-1.67257182387578834e-01,-4.70925959118136284e-01,-1.26772854511764288e+08,-3.54827395407871842e+08,-0.00000000000000000e+00,-2.10079659336922884e+08,0.00000000000000000e+00,0.00000000000000000e+00,0.00000000000000000e+00,8.85000000000000046e-11,0.00000000000000000e+00,0.00000000000000000e+00,0.00000000000000000e+00,0.00000000000000000e+00,0.00000000000000000e+00,3.64260081116534485e-08,

1,18
0.00000000000000000e+00,0.00000000000000000e+00,1.68151271158109045e-01,4.67915956248732168e-01,1.26870424631476507e+08,3.44990326741736114e+08,-0.00000000000000000e+00,2.10547409258310974e+08,0.00000000000000000e+00,0.00000000000000000e+00,0.00000000000000000e+00,2.12400000000000011e-10,1.00000000000000000e+00,0.00000000000000000e+00,0.00000000000000000e+00,0.00000000000000000e+00,0.00000000000000000e+00,4.87759327435917454e-04,

