1
1
18
0
(1 0
((0,0,0) (63,63,17) (0,0,0))
)
1
FabOnDisk: Cell_D_00000 0

1,18
0.00000000000000000e+00,0.00000000000000000e+00,-1.67663138981834575e-01,-4.29875595278562006e-01,-1.25771242534219816e+08,-3.39973937425265551e+08,-0.00000000000000000e+00,-2.01312595319527686e+08,0.00000000000000000e+00,0.00000000000000000e+00,0.00000000000000000e+00,8.85000000000000046e-11,0.00000000000000000e+00,0.00000000000000000e+00,0.00000000000000000e+00,0.00000000000000000e+00,0.00000000000000000e+00,4.08331775547859165e-10,

1,18
0.00000000000000000e+00,0.00000000000000000e+00,1.67663140419675394e-01,4.29875581050456868e-01,1.25771253636358902e+08,3.39973874477742255e+08,-0.00000000000000000e+00,2.01312586998525292e+08,0.00000000000000000e+00,0.00000000000000000e+00,0.00000000000000000e+00,2.12400000000000011e-10,1.00000000000000000e+00,0.00000000000000000e+00,0.00000000000000000e+00,0.00000000000000000e+00,0.00000000000000000e+00,8.32849697980934201e-07,

