1
1
18
0
(1 0
((0,0,0) (63,63,17) (0,0,0))
)
1
FabOnDisk: Cell_D_00000 0

1,18
0.00000000000000000e+00,0.00000000000000000e+00,-1.64960099297389889e-01,-5.09049264732914231e-01,-1.25568403882206336e+08,-3.64200061641836941e+08,-0.00000000000000000e+00,-2.22723039875891209e+08,0.00000000000000000e+00,0.00000000000000000e+00,0.00000000000000000e+00,8.85000000000000046e-11,0.00000000000000000e+00,0.00000000000000000e+00,0.00000000000000000e+00,0.00000000000000000e+00,0.00000000000000000e+00,4.51017683434902447e-08,

1,18
0.00000000000000000e+00,0.00000000000000000e+00,1.65549994167925596e-01,4.98706637010783604e-01,1.25742096306663796e+08,3.61097556951529741e+08,-0.00000000000000000e+00,2.18787025628410667e+08,0.00000000000000000e+00,0.00000000000000000e+00,0.00000000000000000e+00,2.12400000000000011e-10,1.00000000000000000e+00,0.00000000000000000e+00,0.00000000000000000e+00,0.00000000000000000e+00,0.00000000000000000e+00,3.54358643634120627e-03,

