1
1
18
0
(1 0
((0,0,0) (63,63,17) (0,0,0))
)
1
FabOnDisk: Cell_D_00000 0

1,18
0.00000000000000000e+00,0.00000000000000000e+00,-1.67655899211006876e-01,-4.29827420194083154e-01,-1.25760590204776257e+08,-3.39925406634667277e+08,-0.00000000000000000e+00,-2.01291563040752739e+08,0.00000000000000000e+00,0.00000000000000000e+00,0.00000000000000000e+00,8.85000000000000046e-11,0.00000000000000000e+00,0.00000000000000000e+00,0.00000000000000000e+00,0.00000000000000000e+00,0.00000000000000000e+00,6.38173658846042563e-10,

1,18
0.00000000000000000e+00,0.00000000000000000e+00,1.67655899213292492e-01,4.29827420170603047e-01,1.25760590234748632e+08,3.39925406492833376e+08,-0.00000000000000000e+00,2.01291563016447991e+08,0.00000000000000000e+00,0.00000000000000000e+00,0.00000000000000000e+00,2.12400000000000011e-10,1.00000000000000000e+00,0.00000000000000000e+00,0.00000000000000000e+00,0.00000000000000000e+00,0.00000000000000000e+00,8.63734625521101883e-07,

