1
1
18
0
(1 0
((0,0,0) (63,63,17) (0,0,0))
)
1
FabOnDisk: Cell_D_00000 0

1,18
0.00000000000000000e+00,0.00000000000000000e+00,-1.67661445790942304e-01,-4.29863922284999700e-01,-1.25768749240707621e+08,-3.39962476002301872e+08,-0.00000000000000000e+00,-2.01307588115380019e+08,0.00000000000000000e+00,0.00000000000000000e+00,0.00000000000000000e+00,8.85000000000000046e-11,0.00000000000000000e+00,0.00000000000000000e+00,0.00000000000000000e+00,0.00000000000000000e+00,0.00000000000000000e+00,5.49740429383630356e-10,

1,18
0.00000000000000000e+00,0.00000000000000000e+00,1.67661446097324446e-01,4.29863919233408109e-01,1.25768751862700284e+08,3.39962461628611743e+08,-0.00000000000000000e+00,2.01307586087512255e+08,0.00000000000000000e+00,0.00000000000000000e+00,0.00000000000000000e+00,2.12400000000000011e-10,1.00000000000000000e+00,0.00000000000000000e+00,0.00000000000000000e+00,0.00000000000000000e+00,0.00000000000000000e+00,8.34518348289258443e-07,

