1
1
18
0
(1 0
((0,0,0) (63,63,17) (0,0,0))
)
1
FabOnDisk: Cell_D_00000 0

1,18
0.00000000000000000e+00,0.00000000000000000e+00,-1.67667561930149173e-01,-4.29928298365127137e-01,-1.25777874222026527e+08,-3.40009931727392972e+08,-0.00000000000000000e+00,-2.01330484369705200e+08,0.00000000000000000e+00,0.00000000000000000e+00,0.00000000000000000e+00,8.85000000000000046e-11,0.00000000000000000e+00,0.00000000000000000e+00,0.00000000000000000e+00,0.00000000000000000e+00,0.00000000000000000e+00,6.72614726772737774e-11,

1,18
0.00000000000000000e+00,0.00000000000000000e+00,1.67667617242652223e-01,4.29927759978571022e-01,1.25778215679076329e+08,3.40007832475189269e+08,-0.00000000000000000e+00,2.01330248886503339e+08,0.00000000000000000e+00,0.00000000000000000e+00,0.00000000000000000e+00,2.12400000000000011e-10,1.00000000000000000e+00,0.00000000000000000e+00,0.00000000000000000e+00,0.00000000000000000e+00,0.00000000000000000e+00,1.15116784779503405e-06,

