1
1
18
0
(1 0
((0,0,0) (63,63,17) (0,0,0))
)
1
FabOnDisk: Cell_D_00000 0

1,18
0.00000000000000000e+00,0.00000000000000000e+00,-1.67717570355675499e-01,-4.32227438420920151e-01,-1.25867378151871026e+08,-3.40899955827995002e+08,-0.00000000000000000e+00,-2.01901838530132711e+08,0.00000000000000000e+00,0.00000000000000000e+00,0.00000000000000000e+00,8.85000000000000046e-11,0.00000000000000000e+00,0.00000000000000000e+00,0.00000000000000000e+00,0.00000000000000000e+00,0.00000000000000000e+00,2.85067626720153761e-09,

1,18
0.00000000000000000e+00,0.00000000000000000e+00,1.67725186253245562e-01,4.32171970138686856e-01,1.25892045320152223e+08,3.40705811250889719e+08,-0.00000000000000000e+00,2.01888067186407357e+08,0.00000000000000000e+00,0.00000000000000000e+00,0.00000000000000000e+00,2.12400000000000011e-10,1.00000000000000000e+00,0.00000000000000000e+00,0.00000000000000000e+00,0.00000000000000000e+00,0.00000000000000000e+00,2.89802589098360047e-05,

