1
1
18
0
(1 0
((0,0,0) (63,63,17) (0,0,0))
)
1
FabOnDisk: Cell_D_00000 0

1,18
0.00000000000000000e+00,0.00000000000000000e+00,-1.67663771160932423e-01,-4.29880289993472664e-01,-1.25772175089932904e+08,-3.39978308265289366e+08,-0.00000000000000000e+00,-2.01314537782850623e+08,0.00000000000000000e+00,0.00000000000000000e+00,0.00000000000000000e+00,8.85000000000000046e-11,0.00000000000000000e+00,0.00000000000000000e+00,0.00000000000000000e+00,0.00000000000000000e+00,0.00000000000000000e+00,2.82935433570712024e-10,

1,18
0.00000000000000000e+00,0.00000000000000000e+00,1.67663773723525950e-01,4.29880264692204694e-01,1.25772194161696538e+08,3.39978198753204405e+08,-0.00000000000000000e+00,2.01314523662081033e+08,0.00000000000000000e+00,0.00000000000000000e+00,0.00000000000000000e+00,2.12400000000000011e-10,1.00000000000000000e+00,0.00000000000000000e+00,0.00000000000000000e+00,0.00000000000000000e+00,0.00000000000000000e+00,8.37079771776101553e-07,

