1
1
18
0
(1 0
((0,0,0) (63,63,17) (0,0,0))
)
1
FabOnDisk: Cell_D_00000 0

1,18
0.00000000000000000e+00,0.00000000000000000e+00,-1.67657044808112748e-01,-4.29834925665364243e-01,-1.25762275147604510e+08,-3.39933053165140510e+08,-0.00000000000000000e+00,-2.01294865432265282e+08,0.00000000000000000e+00,0.00000000000000000e+00,0.00000000000000000e+00,8.85000000000000046e-11,0.00000000000000000e+00,0.00000000000000000e+00,0.00000000000000000e+00,0.00000000000000000e+00,0.00000000000000000e+00,6.27138969142749749e-10,

1,18
0.00000000000000000e+00,0.00000000000000000e+00,1.67657044814263689e-01,4.29834925602689710e-01,1.25762275215929493e+08,3.39933052807771683e+08,-0.00000000000000000e+00,2.01294865373306125e+08,0.00000000000000000e+00,0.00000000000000000e+00,0.00000000000000000e+00,2.12400000000000011e-10,1.00000000000000000e+00,0.00000000000000000e+00,0.00000000000000000e+00,0.00000000000000000e+00,0.00000000000000000e+00,8.57406573183141608e-07,

