1
1
18
0
(1 0
((0,0,0) (63,63,17) (0,0,0))
)
1
FabOnDisk: Cell_D_00000 0

1,18
0.00000000000000000e+00,0.00000000000000000e+00,-1.67669010996807893e-01,-4.29964220769253280e-01,-1.25780155163440421e+08,-3.40026826166666269e+08,-0.00000000000000000e+00,-2.01340381179352969e+08,0.00000000000000000e+00,0.00000000000000000e+00,0.00000000000000000e+00,8.85000000000000046e-11,0.00000000000000000e+00,0.00000000000000000e+00,0.00000000000000000e+00,0.00000000000000000e+00,0.00000000000000000e+00,6.33310354377408514e-11,

1,18
0.00000000000000000e+00,0.00000000000000000e+00,1.67669130408483025e-01,4.29963066828285834e-01,1.25780857113165036e+08,3.40022429741610527e+08,-0.00000000000000000e+00,2.01339906626436800e+08,0.00000000000000000e+00,0.00000000000000000e+00,0.00000000000000000e+00,2.12400000000000011e-10,1.00000000000000000e+00,0.00000000000000000e+00,0.00000000000000000e+00,0.00000000000000000e+00,0.00000000000000000e+00,1.52649213098748197e-06,

