1
1
18
0
(1 0
((0,0,0) (63,63,17) (0,0,0))
)
1
FabOnDisk: Cell_D_00000 0

1,18
0.00000000000000000e+00,0.00000000000000000e+00,-1.67661658926684137e-01,-4.29865353566769803e-01,-1.25769062909951270e+08,-3.39963908370413244e+08,-0.00000000000000000e+00,-2.01308210146499664e+08,0.00000000000000000e+00,0.00000000000000000e+00,0.00000000000000000e+00,8.85000000000000046e-11,0.00000000000000000e+00,0.00000000000000000e+00,0.00000000000000000e+00,0.00000000000000000e+00,0.00000000000000000e+00,5.40164094672013857e-10,

1,18
0.00000000000000000e+00,0.00000000000000000e+00,1.67661659298550758e-01,4.29865349866170143e-01,1.25769066051149845e+08,3.39963891081995904e+08,-0.00000000000000000e+00,2.01308207726970851e+08,0.00000000000000000e+00,0.00000000000000000e+00,0.00000000000000000e+00,2.12400000000000011e-10,1.00000000000000000e+00,0.00000000000000000e+00,0.00000000000000000e+00,0.00000000000000000e+00,0.00000000000000000e+00,8.33764681744251385e-07,

