1
1
18
0
(1 0
((0,0,0) (63,63,17) (0,0,0))
)
1
FabOnDisk: Cell_D_00000 0

1,18
0.00000000000000000e+00,0.00000000000000000e+00,-1.67659499873199808e-01,-4.29851034786462916e-01,-1.25765886317384154e+08,-3.39949447890826881e+08,-0.00000000000000000e+00,-2.01301948162634224e+08,0.00000000000000000e+00,0.00000000000000000e+00,0.00000000000000000e+00,8.85000000000000046e-11,0.00000000000000000e+00,0.00000000000000000e+00,0.00000000000000000e+00,0.00000000000000000e+00,0.00000000000000000e+00,5.98289454035302224e-10,

1,18
0.00000000000000000e+00,0.00000000000000000e+00,1.67659499926444910e-01,4.29851034251449604e-01,1.25765886833320409e+08,3.39949445163500965e+08,-0.00000000000000000e+00,2.01301947749370664e+08,0.00000000000000000e+00,0.00000000000000000e+00,0.00000000000000000e+00,2.12400000000000011e-10,1.00000000000000000e+00,0.00000000000000000e+00,0.00000000000000000e+00,0.00000000000000000e+00,0.00000000000000000e+00,8.43858710858698622e-07,

