1
1
18
0
(1 0
((0,0,0) (63,63,17) (0,0,0))
)
1
FabOnDisk: Cell_D_00000 0

1,18
0.00000000000000000e+00,0.00000000000000000e+00,-1.67671170680022741e-01,-4.30033339375096857e-01,-1.25783656619974852e+08,-3.40056296193374753e+08,-0.00000000000000000e+00,-2.01358499509720594e+08,0.00000000000000000e+00,0.00000000000000000e+00,0.00000000000000000e+00,8.85000000000000046e-11,0.00000000000000000e+00,0.00000000000000000e+00,0.00000000000000000e+00,0.00000000000000000e+00,0.00000000000000000e+00,4.36858334104625409e-11,

1,18
0.00000000000000000e+00,0.00000000000000000e+00,1.67671429866207006e-01,4.30030865459585077e-01,1.25785098618013397e+08,3.40047075202902555e+08,-0.00000000000000000e+00,2.01357545475879163e+08,0.00000000000000000e+00,0.00000000000000000e+00,0.00000000000000000e+00,2.12400000000000011e-10,1.00000000000000000e+00,0.00000000000000000e+00,0.00000000000000000e+00,0.00000000000000000e+00,0.00000000000000000e+00,2.31131473456172269e-06,

