1
1
18
0
(1 0
((0,0,0) (63,63,17) (0,0,0))
)
1
FabOnDisk: Cell_D_00000 0

1,18
0.00000000000000000e+00,0.00000000000000000e+00,-1.67657723165803824e-01,-4.29839371837388184e-01,-1.25763272907845214e+08,-3.39937581682462811e+08,-0.00000000000000000e+00,-2.01296821356271654e+08,0.00000000000000000e+00,0.00000000000000000e+00,0.00000000000000000e+00,8.85000000000000046e-11,0.00000000000000000e+00,0.00000000000000000e+00,0.00000000000000000e+00,0.00000000000000000e+00,0.00000000000000000e+00,6.20219489620425074e-10,

1,18
0.00000000000000000e+00,0.00000000000000000e+00,1.67657723176912354e-01,4.29839371724673458e-01,1.25763273027609393e+08,3.39937581060342550e+08,-0.00000000000000000e+00,2.01296821255965710e+08,0.00000000000000000e+00,0.00000000000000000e+00,0.00000000000000000e+00,2.12400000000000011e-10,1.00000000000000000e+00,0.00000000000000000e+00,0.00000000000000000e+00,0.00000000000000000e+00,0.00000000000000000e+00,8.53638721552296430e-07,

