1
1
18
0
(1 0
((0,0,0) (63,63,17) (0,0,0))
)
1
FabOnDisk: Cell_D_00000 0

1,18
0.00000000000000000e+00,0.00000000000000000e+00,-1.67672729875372073e-01,-4.30090378722913169e-01,-1.25786236835773468e+08,-3.40079555992904663e+08,-0.00000000000000000e+00,-2.01373123245432943e+08,0.00000000000000000e+00,0.00000000000000000e+00,0.00000000000000000e+00,8.85000000000000046e-11,0.00000000000000000e+00,0.00000000000000000e+00,0.00000000000000000e+00,0.00000000000000000e+00,0.00000000000000000e+00,7.69096149229466008e-11,

1,18
0.00000000000000000e+00,0.00000000000000000e+00,1.67673113202026908e-01,4.30086754608891009e-01,1.25788302624148309e+08,3.40066188144987464e+08,-0.00000000000000000e+00,2.01371772519251525e+08,0.00000000000000000e+00,0.00000000000000000e+00,0.00000000000000000e+00,2.12400000000000011e-10,1.00000000000000000e+00,0.00000000000000000e+00,0.00000000000000000e+00,0.00000000000000000e+00,0.00000000000000000e+00,2.98065599200519880e-06,

