1
1
18
0
(1 0
((0,0,0) (63,63,17) (0,0,0))
)
1
FabOnDisk: Cell_D_00000 0

1,18
0.00000000000000000e+00,0.00000000000000000e+00,-1.67793652293948603e-01,-4.50180872701253176e-01,-1.26406762485079050e+08,-3.47546293354967713e+08,-0.00000000000000000e+00,-2.06018901413054556e+08,0.00000000000000000e+00,0.00000000000000000e+00,0.00000000000000000e+00,8.85000000000000046e-11,0.00000000000000000e+00,0.00000000000000000e+00,0.00000000000000000e+00,0.00000000000000000e+00,0.00000000000000000e+00,1.25782828003415389e-08,

1,18
0.00000000000000000e+00,0.00000000000000000e+00,1.68048061507525631e-01,4.49281943640915282e-01,1.26542072056490511e+08,3.44407141082643151e+08,-0.00000000000000000e+00,2.06054423216071576e+08,0.00000000000000000e+00,0.00000000000000000e+00,0.00000000000000000e+00,2.12400000000000011e-10,1.00000000000000000e+00,0.00000000000000000e+00,0.00000000000000000e+00,0.00000000000000000e+00,0.00000000000000000e+00,2.42131690919013194e-04,

