1
1
18
0
(1 0
((0,0,0) (63,63,17) (0,0,0))
)
1
FabOnDisk: Cell_D_00000 0

1,18
0.00000000000000000e+00,0.00000000000000000e+00,-1.67772532335654034e-01,-4.35646813263367516e-01,-1.25987120191112906e+08,-3.42190381854692042e+08,-0.00000000000000000e+00,-2.02727809034415215e+08,0.00000000000000000e+00,0.00000000000000000e+00,0.00000000000000000e+00,8.85000000000000046e-11,0.00000000000000000e+00,0.00000000000000000e+00,0.00000000000000000e+00,0.00000000000000000e+00,0.00000000000000000e+00,2.33373514387999211e-09,

1,18
0.00000000000000000e+00,0.00000000000000000e+00,1.67800903777062249e-01,4.35487319897561065e-01,1.26043504270302579e+08,3.41631533411817253e+08,-0.00000000000000000e+00,2.02702471213481128e+08,0.00000000000000000e+00,0.00000000000000000e+00,0.00000000000000000e+00,2.12400000000000011e-10,1.00000000000000000e+00,0.00000000000000000e+00,0.00000000000000000e+00,0.00000000000000000e+00,0.00000000000000000e+00,7.05441623300452874e-05,

