1
1
18
0
(1 0
((0,0,0) (63,63,17) (0,0,0))
)
1
FabOnDisk: Cell_D_00000 0

1,18
0.00000000000000000e+00,0.00000000000000000e+00,-1.67660587411841866e-01,-4.29858208762827321e-01,-1.25767486215852603e+08,-3.39956721194771588e+08,-0.00000000000000000e+00,-2.01305093999164462e+08,0.00000000000000000e+00,0.00000000000000000e+00,0.00000000000000000e+00,8.85000000000000046e-11,0.00000000000000000e+00,0.00000000000000000e+00,0.00000000000000000e+00,0.00000000000000000e+00,0.00000000000000000e+00,5.77333671302604554e-10,

1,18
0.00000000000000000e+00,0.00000000000000000e+00,1.67660587552822260e-01,4.29858207353472022e-01,1.25767487488988504e+08,3.39956714327441096e+08,-0.00000000000000000e+00,2.01305092998840004e+08,0.00000000000000000e+00,0.00000000000000000e+00,0.00000000000000000e+00,2.12400000000000011e-10,1.00000000000000000e+00,0.00000000000000000e+00,0.00000000000000000e+00,0.00000000000000000e+00,0.00000000000000000e+00,8.38258327159957735e-07,

