1
1
18
0
(1 0
((0,0,0) (63,63,17) (0,0,0))
)
1
FabOnDisk: Cell_D_00000 0

1,18
0.00000000000000000e+00,0.00000000000000000e+00,-1.67661871537498536e-01,-4.29866788476305606e-01,-1.25769375838647455e+08,-3.39965339161728561e+08,-0.00000000000000000e+00,-2.01308832199055493e+08,0.00000000000000000e+00,0.00000000000000000e+00,0.00000000000000000e+00,8.85000000000000046e-11,0.00000000000000000e+00,0.00000000000000000e+00,0.00000000000000000e+00,0.00000000000000000e+00,0.00000000000000000e+00,5.29068741464001826e-10,

1,18
0.00000000000000000e+00,0.00000000000000000e+00,1.67661871988785266e-01,4.29866783989188928e-01,1.25769379598323330e+08,3.39965318367680967e+08,-0.00000000000000000e+00,2.01308829312310964e+08,0.00000000000000000e+00,0.00000000000000000e+00,0.00000000000000000e+00,2.12400000000000011e-10,1.00000000000000000e+00,0.00000000000000000e+00,0.00000000000000000e+00,0.00000000000000000e+00,0.00000000000000000e+00,8.33113709367136672e-07,

