1
1
18
0
(1 0
((0,0,0) (63,63,17) (0,0,0))
)
1
FabOnDisk: Cell_D_00000 0

1,18
0.00000000000000000e+00,0.00000000000000000e+00,-1.67814741492334107e-01,-4.39780704464777850e-01,-1.26120901200717464e+08,-3.43734305757165909e+08,-0.00000000000000000e+00,-2.03700156406374782e+08,0.00000000000000000e+00,0.00000000000000000e+00,0.00000000000000000e+00,8.85000000000000046e-11,0.00000000000000000e+00,0.00000000000000000e+00,0.00000000000000000e+00,0.00000000000000000e+00,0.00000000000000000e+00,2.10897350898422730e-09,

1,18
0.00000000000000000e+00,0.00000000000000000e+00,1.67883707612133865e-01,4.39462378404748388e-01,1.26208767290120319e+08,3.42613007492295742e+08,-0.00000000000000000e+00,2.03673700967460841e+08,0.00000000000000000e+00,0.00000000000000000e+00,0.00000000000000000e+00,2.12400000000000011e-10,1.00000000000000000e+00,0.00000000000000000e+00,0.00000000000000000e+00,0.00000000000000000e+00,0.00000000000000000e+00,1.20266400056178916e-04,

