1
1
18
0
(1 0
((0,0,0) (63,63,17) (0,0,0))
)
1
FabOnDisk: Cell_D_00000 0

1,18
0.00000000000000000e+00,0.00000000000000000e+00,-7.02708620164733066e-04,-2.82295737110537328e-04,-2.42630034012297430e+05,-7.98789810901533579e+05,-0.00000000000000000e+00,-1.25802700021510851e+06,0.00000000000000000e+00,0.00000000000000000e+00,0.00000000000000000e+00,8.85000000000000046e-11,0.00000000000000000e+00,0.00000000000000000e+00,0.00000000000000000e+00,0.00000000000000000e+00,0.00000000000000000e+00,1.55752688495547157e-05,

1,18
0.00000000000000000e+00,0.00000000000000000e+00,6.48497176167791558e-04,3.76771547058503365e-03,6.00039269466388389e+05,6.67801361757417093e+05,-0.00000000000000000e+00,1.45501905996155390e+06,0.00000000000000000e+00,0.00000000000000000e+00,0.00000000000000000e+00,2.12400000000000011e-10,1.00000000000000000e+00,0.00000000000000000e+00,0.00000000000000000e+00,0.00000000000000000e+00,0.00000000000000000e+00,2.19664411954602345e-02,

