1
1
18
0
(1 0
((0,0,0) (63,63,17) (0,0,0))
)
1
FabOnDisk: Cell_D_00000 0

1,18
0.00000000000000000e+00,0.00000000000000000e+00,-1.67801306263570760e-01,-4.38148877551506832e-01,-1.26069485272402793e+08,-3.43126813946189940e+08,-0.00000000000000000e+00,-2.03319725268096149e+08,0.00000000000000000e+00,0.00000000000000000e+00,0.00000000000000000e+00,8.85000000000000046e-11,0.00000000000000000e+00,0.00000000000000000e+00,0.00000000000000000e+00,0.00000000000000000e+00,0.00000000000000000e+00,1.74990155164704961e-08,

1,18
0.00000000000000000e+00,0.00000000000000000e+00,1.67852158907920823e-01,4.37897716035281881e-01,1.26145801415982038e+08,3.42243541198879778e+08,-0.00000000000000000e+00,2.03292022256919563e+08,0.00000000000000000e+00,0.00000000000000000e+00,0.00000000000000000e+00,2.12400000000000011e-10,1.00000000000000000e+00,0.00000000000000000e+00,0.00000000000000000e+00,0.00000000000000000e+00,0.00000000000000000e+00,1.00716428232103968e-04,

