1
1
18
0
(1 0
((0,0,0) (63,63,17) (0,0,0))
)
1
FabOnDisk: Cell_D_00000 0

1,18
0.00000000000000000e+00,0.00000000000000000e+00,-1.67664838068297406e-01,-4.29889239956538105e-01,-1.25773754145969704e+08,-3.39985964249695420e+08,-0.00000000000000000e+00,-2.01318038483866036e+08,0.00000000000000000e+00,0.00000000000000000e+00,0.00000000000000000e+00,8.85000000000000046e-11,0.00000000000000000e+00,0.00000000000000000e+00,0.00000000000000000e+00,0.00000000000000000e+00,0.00000000000000000e+00,7.33256872470913264e-11,

1,18
0.00000000000000000e+00,0.00000000000000000e+00,1.67664844769428334e-01,4.29889174037549116e-01,1.25773801134976223e+08,3.39985688680997193e+08,-0.00000000000000000e+00,2.01318004416612148e+08,0.00000000000000000e+00,0.00000000000000000e+00,0.00000000000000000e+00,2.12400000000000011e-10,1.00000000000000000e+00,0.00000000000000000e+00,0.00000000000000000e+00,0.00000000000000000e+00,0.00000000000000000e+00,8.59130795549898941e-07,

