1
1
18
0
(1 0
((0,0,0) (63,63,17) (0,0,0))
)
1
FabOnDisk: Cell_D_00000 0

1,18
0.00000000000000000e+00,0.00000000000000000e+00,-1.67786838154740797e-01,-4.36785475522372568e-01,-1.26025137350811511e+08,-3.42617298657149315e+08,-0.00000000000000000e+00,-2.02998474209148526e+08,0.00000000000000000e+00,0.00000000000000000e+00,0.00000000000000000e+00,8.85000000000000046e-11,0.00000000000000000e+00,0.00000000000000000e+00,0.00000000000000000e+00,0.00000000000000000e+00,0.00000000000000000e+00,2.11912610999736988e-08,

1,18
0.00000000000000000e+00,0.00000000000000000e+00,1.67824659316411218e-01,4.36585927750540725e-01,1.26090928762774900e+08,3.41916866478469491e+08,-0.00000000000000000e+00,2.02971421729424268e+08,0.00000000000000000e+00,0.00000000000000000e+00,0.00000000000000000e+00,2.12400000000000011e-10,1.00000000000000000e+00,0.00000000000000000e+00,0.00000000000000000e+00,0.00000000000000000e+00,0.00000000000000000e+00,8.43034026175840161e-05,

