1
1
18
0
(1 0
((0,0,0) (63,63,17) (0,0,0))
)
1
FabOnDisk: Cell_D_00000 0

1,18
0.00000000000000000e+00,0.00000000000000000e+00,-1.67662295348340873e-01,-4.29869676204693407e-01,-1.25769999757240102e+08,-3.39968198724268496e+08,-0.00000000000000000e+00,-2.01310078131000012e+08,0.00000000000000000e+00,0.00000000000000000e+00,0.00000000000000000e+00,8.85000000000000046e-11,0.00000000000000000e+00,0.00000000000000000e+00,0.00000000000000000e+00,0.00000000000000000e+00,0.00000000000000000e+00,5.01024352144420692e-10,

1,18
0.00000000000000000e+00,0.00000000000000000e+00,1.67662296012719064e-01,4.29869669609723060e-01,1.25770005148815095e+08,3.39968168642919302e+08,-0.00000000000000000e+00,2.01310074022138357e+08,0.00000000000000000e+00,0.00000000000000000e+00,0.00000000000000000e+00,2.12400000000000011e-10,1.00000000000000000e+00,0.00000000000000000e+00,0.00000000000000000e+00,0.00000000000000000e+00,0.00000000000000000e+00,8.32205796212009602e-07,

