1
1
18
0
(1 0
((0,0,0) (63,63,17) (0,0,0))
)
1
FabOnDisk: Cell_D_00000 0

1,18
0.00000000000000000e+00,0.00000000000000000e+00,-1.67681410445400664e-01,-4.30452988374816992e-01,-1.25801033436670065e+08,-3.40221947811496556e+08,-0.00000000000000000e+00,-2.01464289581718951e+08,0.00000000000000000e+00,0.00000000000000000e+00,0.00000000000000000e+00,8.85000000000000046e-11,0.00000000000000000e+00,0.00000000000000000e+00,0.00000000000000000e+00,0.00000000000000000e+00,0.00000000000000000e+00,2.46557551393547631e-10,

1,18
0.00000000000000000e+00,0.00000000000000000e+00,1.67682690778119980e-01,4.30441528856868261e-01,1.25807083103479683e+08,3.40180860911160707e+08,-0.00000000000000000e+00,2.01460501248506069e+08,0.00000000000000000e+00,0.00000000000000000e+00,0.00000000000000000e+00,2.12400000000000011e-10,1.00000000000000000e+00,0.00000000000000000e+00,0.00000000000000000e+00,0.00000000000000000e+00,0.00000000000000000e+00,7.34397608103548588e-06,

