1
1
18
0
(1 0
((0,0,0) (63,63,17) (0,0,0))
)
1
FabOnDisk: Cell_D_00000 0

1,18
0.00000000000000000e+00,0.00000000000000000e+00,-1.67829138166761427e-01,-4.44066649481829667e-01,-1.26247404976907015e+08,-3.45317827080586016e+08,-0.00000000000000000e+00,-2.04678069015728235e+08,0.00000000000000000e+00,0.00000000000000000e+00,0.00000000000000000e+00,8.85000000000000046e-11,0.00000000000000000e+00,0.00000000000000000e+00,0.00000000000000000e+00,0.00000000000000000e+00,0.00000000000000000e+00,2.33825590432874732e-08,

1,18
0.00000000000000000e+00,0.00000000000000000e+00,1.67959312437649722e-01,4.43542355020842050e-01,1.26360256548844129e+08,3.43470703845123470e+08,-0.00000000000000000e+00,2.04665626124766380e+08,0.00000000000000000e+00,0.00000000000000000e+00,0.00000000000000000e+00,2.12400000000000011e-10,1.00000000000000000e+00,0.00000000000000000e+00,0.00000000000000000e+00,0.00000000000000000e+00,0.00000000000000000e+00,1.71082386442647359e-04,

