1
1
18
0
(1 0
((0,0,0) (63,63,17) (0,0,0))
)
1
FabOnDisk: Cell_D_00000 0

1,18
0.00000000000000000e+00,0.00000000000000000e+00,-1.67663349551407853e-01,-4.29877126599030268e-01,-1.25771552994080096e+08,-3.39975384467873335e+08,-0.00000000000000000e+00,-2.01313235298821062e+08,0.00000000000000000e+00,0.00000000000000000e+00,0.00000000000000000e+00,8.85000000000000046e-11,0.00000000000000000e+00,0.00000000000000000e+00,0.00000000000000000e+00,0.00000000000000000e+00,0.00000000000000000e+00,3.73557589159708851e-10,

1,18
0.00000000000000000e+00,0.00000000000000000e+00,1.67663351294869006e-01,4.29877109359693754e-01,1.25771566292690933e+08,3.39975308759801030e+08,-0.00000000000000000e+00,2.01313225373329490e+08,0.00000000000000000e+00,0.00000000000000000e+00,0.00000000000000000e+00,2.12400000000000011e-10,1.00000000000000000e+00,0.00000000000000000e+00,0.00000000000000000e+00,0.00000000000000000e+00,0.00000000000000000e+00,8.33788950960328693e-07,

