1
1
18
0
(1 0
((0,0,0) (63,63,17) (0,0,0))
)
1
FabOnDisk: Cell_D_00000 0

1,18
0.00000000000000000e+00,0.00000000000000000e+00,-1.67666709903476652e-01,-4.29912372022338451e-01,-1.25776564444298789e+08,-3.40001421631206274e+08,-0.00000000000000000e+00,-2.01325788789959043e+08,0.00000000000000000e+00,0.00000000000000000e+00,0.00000000000000000e+00,8.85000000000000046e-11,0.00000000000000000e+00,0.00000000000000000e+00,0.00000000000000000e+00,0.00000000000000000e+00,0.00000000000000000e+00,2.13360279461596573e-10,

1,18
0.00000000000000000e+00,0.00000000000000000e+00,1.67666741004992376e-01,4.29912068178889439e-01,1.25776763288791299e+08,3.40000215239257872e+08,-0.00000000000000000e+00,2.01325649702661812e+08,0.00000000000000000e+00,0.00000000000000000e+00,0.00000000000000000e+00,2.12400000000000011e-10,1.00000000000000000e+00,0.00000000000000000e+00,0.00000000000000000e+00,0.00000000000000000e+00,0.00000000000000000e+00,1.00589327583390016e-06,

