1
1
18
0
(1 0
((0,0,0) (63,63,17) (0,0,0))
)
1
FabOnDisk: Cell_D_00000 0

1,18
0.00000000000000000e+00,0.00000000000000000e+00,-1.67662928380532816e-01,-4.29874089163863382e-01,-1.25770932158343196e+08,-3.39972497084421754e+08,-0.00000000000000000e+00,-2.01311960758146286e+08,0.00000000000000000e+00,0.00000000000000000e+00,0.00000000000000000e+00,8.85000000000000046e-11,0.00000000000000000e+00,0.00000000000000000e+00,0.00000000000000000e+00,0.00000000000000000e+00,0.00000000000000000e+00,4.37622301077368568e-10,

1,18
0.00000000000000000e+00,0.00000000000000000e+00,1.67662929566197688e-01,4.29874077422174816e-01,1.25770941425324887e+08,3.39972444746978521e+08,-0.00000000000000000e+00,2.01311953782504499e+08,0.00000000000000000e+00,0.00000000000000000e+00,0.00000000000000000e+00,2.12400000000000011e-10,1.00000000000000000e+00,0.00000000000000000e+00,0.00000000000000000e+00,0.00000000000000000e+00,0.00000000000000000e+00,8.32278133212531197e-07,

