1
1
18
0
(1 0
((0,0,0) (63,63,17) (0,0,0))
)
1
FabOnDisk: Cell_D_00000 0

1,18
0.00000000000000000e+00,0.00000000000000000e+00,-1.67670532037632131e-01,-4.30011442239728481e-01,-1.25782610988546669e+08,-3.40047178015288472e+08,-0.00000000000000000e+00,-2.01352826569145441e+08,0.00000000000000000e+00,0.00000000000000000e+00,0.00000000000000000e+00,8.85000000000000046e-11,0.00000000000000000e+00,0.00000000000000000e+00,0.00000000000000000e+00,0.00000000000000000e+00,0.00000000000000000e+00,5.23519546770115337e-10,

1,18
0.00000000000000000e+00,0.00000000000000000e+00,1.67670745405533311e-01,4.30009397926489290e-01,1.25783815590616420e+08,3.40039517339242637e+08,-0.00000000000000000e+00,2.01352025115594983e+08,0.00000000000000000e+00,0.00000000000000000e+00,0.00000000000000000e+00,2.12400000000000011e-10,1.00000000000000000e+00,0.00000000000000000e+00,0.00000000000000000e+00,0.00000000000000000e+00,0.00000000000000000e+00,2.05820220089541672e-06,

