1
1
18
0
(1 0
((0,0,0) (63,63,17) (0,0,0))
)
1
FabOnDisk: Cell_D_00000 0

1,18
0.00000000000000000e+00,0.00000000000000000e+00,-1.67478617643536193e-01,-4.64408229713591580e-01,-1.26685315697024390e+08,-3.52587833844150662e+08,-0.00000000000000000e+00,-2.08886216062932134e+08,0.00000000000000000e+00,0.00000000000000000e+00,0.00000000000000000e+00,8.85000000000000046e-11,0.00000000000000000e+00,0.00000000000000000e+00,0.00000000000000000e+00,0.00000000000000000e+00,0.00000000000000000e+00,1.04000879584967733e-07,

1,18
0.00000000000000000e+00,0.00000000000000000e+00,1.68156304406124057e-01,4.62215944647833388e-01,1.26813791288590968e+08,3.45244710125807405e+08,-0.00000000000000000e+00,2.09170342884712189e+08,0.00000000000000000e+00,0.00000000000000000e+00,0.00000000000000000e+00,2.12400000000000011e-10,1.00000000000000000e+00,0.00000000000000000e+00,0.00000000000000000e+00,0.00000000000000000e+00,0.00000000000000000e+00,4.07716082289786663e-04,

