1
1
18
0
(1 0
((0,0,0) (63,63,17) (0,0,0))
)
1
FabOnDisk: Cell_D_00000 0

1,18
0.00000000000000000e+00,0.00000000000000000e+00,-1.67666452347268652e-01,-4.29908319971635700e-01,-1.25776172927615196e+08,-3.39999057543573022e+08,-0.00000000000000000e+00,-2.01324534280940235e+08,0.00000000000000000e+00,0.00000000000000000e+00,0.00000000000000000e+00,8.85000000000000046e-11,0.00000000000000000e+00,0.00000000000000000e+00,0.00000000000000000e+00,0.00000000000000000e+00,0.00000000000000000e+00,1.22210102165396371e-10,

1,18
0.00000000000000000e+00,0.00000000000000000e+00,1.67666478020338627e-01,4.29908068902386864e-01,1.25776338969006836e+08,3.39998054506556392e+08,-0.00000000000000000e+00,2.01324417599552631e+08,0.00000000000000000e+00,0.00000000000000000e+00,0.00000000000000000e+00,2.12400000000000011e-10,1.00000000000000000e+00,0.00000000000000000e+00,0.00000000000000000e+00,0.00000000000000000e+00,0.00000000000000000e+00,9.73057146187555570e-07,

