1
1
18
0
(1 0
((0,0,0) (63,63,17) (0,0,0))
)
1
FabOnDisk: Cell_D_00000 0

1,18
0.00000000000000000e+00,0.00000000000000000e+00,-1.67657497790243026e-01,-4.29837894431514600e-01,-1.25762941410777763e+08,-3.39936077066739738e+08,-0.00000000000000000e+00,-2.01296171474856138e+08,0.00000000000000000e+00,0.00000000000000000e+00,0.00000000000000000e+00,8.85000000000000046e-11,0.00000000000000000e+00,0.00000000000000000e+00,0.00000000000000000e+00,0.00000000000000000e+00,0.00000000000000000e+00,6.22564669837220873e-10,

1,18
0.00000000000000000e+00,0.00000000000000000e+00,1.67657497799367006e-01,4.29837894338813975e-01,1.25762941515564069e+08,3.39936076549579322e+08,-0.00000000000000000e+00,2.01296171390829921e+08,0.00000000000000000e+00,0.00000000000000000e+00,0.00000000000000000e+00,2.12400000000000011e-10,1.00000000000000000e+00,0.00000000000000000e+00,0.00000000000000000e+00,0.00000000000000000e+00,0.00000000000000000e+00,8.54891269476255972e-07,

