1
1
18
0
(1 0
((0,0,0) (63,63,17) (0,0,0))
)
1
FabOnDisk: Cell_D_00000 0

1,18
0.00000000000000000e+00,0.00000000000000000e+00,-1.67656129842448931e-01,-4.29828930985487634e-01,-1.25760929411640003e+08,-3.39926945946950138e+08,-0.00000000000000000e+00,-2.01292227826972634e+08,0.00000000000000000e+00,0.00000000000000000e+00,0.00000000000000000e+00,8.85000000000000046e-11,0.00000000000000000e+00,0.00000000000000000e+00,0.00000000000000000e+00,0.00000000000000000e+00,0.00000000000000000e+00,6.35994215939628323e-10,

1,18
0.00000000000000000e+00,0.00000000000000000e+00,1.67656129845236479e-01,4.29828930956901334e-01,1.25760929443905681e+08,3.39926945776320338e+08,-0.00000000000000000e+00,2.01292227797953576e+08,0.00000000000000000e+00,0.00000000000000000e+00,0.00000000000000000e+00,2.12400000000000011e-10,1.00000000000000000e+00,0.00000000000000000e+00,0.00000000000000000e+00,0.00000000000000000e+00,0.00000000000000000e+00,8.62465691208575146e-07,

