1
1
18
0
(1 0
((0,0,0) (63,63,17) (0,0,0))
)
1
FabOnDisk: Cell_D_00000 0

1,18
0.00000000000000000e+00,0.00000000000000000e+00,-1.67660371248157719e-01,-4.29856778764917125e-01,-1.25767168190369830e+08,-3.39955274395961344e+08,-0.00000000000000000e+00,-2.01304467831971794e+08,0.00000000000000000e+00,0.00000000000000000e+00,0.00000000000000000e+00,8.85000000000000046e-11,0.00000000000000000e+00,0.00000000000000000e+00,0.00000000000000000e+00,0.00000000000000000e+00,0.00000000000000000e+00,5.82377661628562214e-10,

1,18
0.00000000000000000e+00,0.00000000000000000e+00,1.67660371364228317e-01,4.29856777603457585e-01,1.25767169256519601e+08,3.39955268686639011e+08,-0.00000000000000000e+00,2.01304466993702084e+08,0.00000000000000000e+00,0.00000000000000000e+00,0.00000000000000000e+00,2.12400000000000011e-10,1.00000000000000000e+00,0.00000000000000000e+00,0.00000000000000000e+00,0.00000000000000000e+00,0.00000000000000000e+00,8.39319673625248334e-07,

