1
1
18
0
(1 0
((0,0,0) (63,63,17) (0,0,0))
)
1
FabOnDisk: Cell_D_00000 0

1,18
0.00000000000000000e+00,0.00000000000000000e+00,-1.66888481162240976e-01,-4.78460568339768411e-01,-1.26846625416771010e+08,-3.57356975012741446e+08,-0.00000000000000000e+00,-2.11362145204547137e+08,0.00000000000000000e+00,0.00000000000000000e+00,0.00000000000000000e+00,8.85000000000000046e-11,0.00000000000000000e+00,0.00000000000000000e+00,0.00000000000000000e+00,0.00000000000000000e+00,0.00000000000000000e+00,2.26536464352432966e-07,

1,18
0.00000000000000000e+00,0.00000000000000000e+00,1.68090073413753122e-01,4.74290215729171238e-01,1.26885867907312438e+08,3.48602925911456645e+08,-0.00000000000000000e+00,2.12104958237767905e+08,0.00000000000000000e+00,0.00000000000000000e+00,0.00000000000000000e+00,2.12400000000000011e-10,1.00000000000000000e+00,0.00000000000000000e+00,0.00000000000000000e+00,0.00000000000000000e+00,0.00000000000000000e+00,5.81572946165295453e-04,

