1
1
18
0
(1 0
((0,0,0) (63,63,17) (0,0,0))
)
1
FabOnDisk: Cell_D_00000 0

1,18
0.00000000000000000e+00,0.00000000000000000e+00,-1.67663982555142949e-01,-4.29881937871015529e-01,-1.25772487318349063e+08,-3.39979791055222571e+08,-0.00000000000000000e+00,-2.01315204228444457e+08,0.00000000000000000e+00,0.00000000000000000e+00,0.00000000000000000e+00,8.85000000000000046e-11,0.00000000000000000e+00,0.00000000000000000e+00,0.00000000000000000e+00,0.00000000000000000e+00,0.00000000000000000e+00,2.24178365924026325e-10,

1,18
0.00000000000000000e+00,0.00000000000000000e+00,1.67663985661485132e-01,4.29881907223703674e-01,1.25772510156475797e+08,3.39979659345228195e+08,-0.00000000000000000e+00,2.01315187386675179e+08,0.00000000000000000e+00,0.00000000000000000e+00,0.00000000000000000e+00,2.12400000000000011e-10,1.00000000000000000e+00,0.00000000000000000e+00,0.00000000000000000e+00,0.00000000000000000e+00,0.00000000000000000e+00,8.39625834698926679e-07,

