1
1
18
0
(1 0
((0,0,0) (63,63,17) (0,0,0))
)
1
FabOnDisk: Cell_D_00000 0

1,18
0.00000000000000000e+00,0.00000000000000000e+00,-1.67659718746415554e-01,-4.29852475181251803e-01,-1.25766208286703318e+08,-3.39950910735677660e+08,-0.00000000000000000e+00,-2.01302580535338104e+08,0.00000000000000000e+00,0.00000000000000000e+00,0.00000000000000000e+00,8.85000000000000046e-11,0.00000000000000000e+00,0.00000000000000000e+00,0.00000000000000000e+00,0.00000000000000000e+00,0.00000000000000000e+00,5.94807343985812771e-10,

1,18
0.00000000000000000e+00,0.00000000000000000e+00,1.67659718811129510e-01,4.29852474531698225e-01,1.25766208910602614e+08,3.39950907455071807e+08,-0.00000000000000000e+00,2.01302580042124361e+08,0.00000000000000000e+00,0.00000000000000000e+00,0.00000000000000000e+00,2.12400000000000011e-10,1.00000000000000000e+00,0.00000000000000000e+00,0.00000000000000000e+00,0.00000000000000000e+00,0.00000000000000000e+00,8.42689500771509713e-07,

