1
1
18
0
(1 0
((0,0,0) (63,63,17) (0,0,0))
)
1
FabOnDisk: Cell_D_00000 0

1,18
0.00000000000000000e+00,0.00000000000000000e+00,-1.67656588832445719e-01,-4.29831937957298182e-01,-1.25761604493561566e+08,-3.39930009521099865e+08,-0.00000000000000000e+00,-2.01293550916321605e+08,0.00000000000000000e+00,0.00000000000000000e+00,0.00000000000000000e+00,8.85000000000000046e-11,0.00000000000000000e+00,0.00000000000000000e+00,0.00000000000000000e+00,0.00000000000000000e+00,0.00000000000000000e+00,6.31602445105914692e-10,

1,18
0.00000000000000000e+00,0.00000000000000000e+00,1.67656588836588571e-01,4.29831937914960271e-01,1.25761604543238297e+08,3.39930009274159133e+08,-0.00000000000000000e+00,2.01293550874955356e+08,0.00000000000000000e+00,0.00000000000000000e+00,0.00000000000000000e+00,2.12400000000000011e-10,1.00000000000000000e+00,0.00000000000000000e+00,0.00000000000000000e+00,0.00000000000000000e+00,0.00000000000000000e+00,8.59932309741854441e-07,

