1
1
18
0
(1 0
((0,0,0) (63,63,17) (0,0,0))
)
1
FabOnDisk: Cell_D_00000 0

1,18
0.00000000000000000e+00,0.00000000000000000e+00,-1.67710246973389043e-01,-4.31843072257601990e-01,-1.25853342823680013e+08,-3.40753913298049927e+08,-0.00000000000000000e+00,-2.01807690545170248e+08,0.00000000000000000e+00,0.00000000000000000e+00,0.00000000000000000e+00,8.85000000000000046e-11,0.00000000000000000e+00,0.00000000000000000e+00,0.00000000000000000e+00,0.00000000000000000e+00,0.00000000000000000e+00,8.95770682827996086e-09,

1,18
0.00000000000000000e+00,0.00000000000000000e+00,1.67716232099047902e-01,4.31797764265945738e-01,1.25874108173455566e+08,3.40595082940933347e+08,-0.00000000000000000e+00,2.01795834916600853e+08,0.00000000000000000e+00,0.00000000000000000e+00,0.00000000000000000e+00,2.12400000000000011e-10,1.00000000000000000e+00,0.00000000000000000e+00,0.00000000000000000e+00,0.00000000000000000e+00,0.00000000000000000e+00,2.42905295408179634e-05,

