1
1
18
0
(1 0
((0,0,0) (63,63,17) (0,0,0))
)
1
FabOnDisk: Cell_D_00000 0

1,18
0.00000000000000000e+00,0.00000000000000000e+00,-1.67657271671994651e-01,-4.29836412392704703e-01,-1.25762608828102082e+08,-3.39934567570736051e+08,-0.00000000000000000e+00,-2.01295519505636394e+08,0.00000000000000000e+00,0.00000000000000000e+00,0.00000000000000000e+00,8.85000000000000046e-11,0.00000000000000000e+00,0.00000000000000000e+00,0.00000000000000000e+00,0.00000000000000000e+00,0.00000000000000000e+00,6.24868960231755487e-10,

1,18
0.00000000000000000e+00,0.00000000000000000e+00,1.67657271679486852e-01,4.29836412316473238e-01,1.25762608911184937e+08,3.39934567140830994e+08,-0.00000000000000000e+00,2.01295519435250163e+08,0.00000000000000000e+00,0.00000000000000000e+00,0.00000000000000000e+00,2.12400000000000011e-10,1.00000000000000000e+00,0.00000000000000000e+00,0.00000000000000000e+00,0.00000000000000000e+00,0.00000000000000000e+00,8.56147402937030038e-07,

