1
1
18
0
(1 0
((0,0,0) (63,63,17) (0,0,0))
)
1
FabOnDisk: Cell_D_00000 0

1,18
0.00000000000000000e+00,0.00000000000000000e+00,-1.67683830452878962e-01,-4.30561132498946619e-01,-1.25805249581339166e+08,-3.40263758876438677e+08,-0.00000000000000000e+00,-2.01491237431520164e+08,0.00000000000000000e+00,0.00000000000000000e+00,0.00000000000000000e+00,8.85000000000000046e-11,0.00000000000000000e+00,0.00000000000000000e+00,0.00000000000000000e+00,0.00000000000000000e+00,0.00000000000000000e+00,2.11617415822511594e-10,

1,18
0.00000000000000000e+00,0.00000000000000000e+00,1.67685407603243963e-01,4.30547227651578379e-01,1.25812478541031763e+08,3.40214109980381548e+08,-0.00000000000000000e+00,2.01486751865436673e+08,0.00000000000000000e+00,0.00000000000000000e+00,0.00000000000000000e+00,2.12400000000000011e-10,1.00000000000000000e+00,0.00000000000000000e+00,0.00000000000000000e+00,0.00000000000000000e+00,0.00000000000000000e+00,8.65730312663643240e-06,

