1
1
18
0
(1 0
((0,0,0) (63,63,17) (0,0,0))
)
1
FabOnDisk: Cell_D_00000 0

1,18
0.00000000000000000e+00,0.00000000000000000e+00,-1.67665056276468410e-01,-4.29891326243987515e-01,-1.25774078431665570e+08,-3.39987599741979718e+08,-0.00000000000000000e+00,-2.01318809862258762e+08,0.00000000000000000e+00,0.00000000000000000e+00,0.00000000000000000e+00,8.85000000000000046e-11,0.00000000000000000e+00,0.00000000000000000e+00,0.00000000000000000e+00,0.00000000000000000e+00,0.00000000000000000e+00,1.34362164776919642e-10,

1,18
0.00000000000000000e+00,0.00000000000000000e+00,1.67665064396175567e-01,4.29891246430788632e-01,1.25774134708296835e+08,3.39987268320530891e+08,-0.00000000000000000e+00,2.01318769238514513e+08,0.00000000000000000e+00,0.00000000000000000e+00,0.00000000000000000e+00,2.12400000000000011e-10,1.00000000000000000e+00,0.00000000000000000e+00,0.00000000000000000e+00,0.00000000000000000e+00,0.00000000000000000e+00,8.67360733636308850e-07,

