1
1
18
0
(1 0
((0,0,0) (63,63,17) (0,0,0))
)
1
FabOnDisk: Cell_D_00000 0

1,18
0.00000000000000000e+00,0.00000000000000000e+00,-1.67686674134724489e-01,-4.30690688798038401e-01,-1.25810245996936500e+08,-3.40313676257676244e+08,-0.00000000000000000e+00,-2.01523444532648891e+08,0.00000000000000000e+00,0.00000000000000000e+00,0.00000000000000000e+00,8.85000000000000046e-11,0.00000000000000000e+00,0.00000000000000000e+00,0.00000000000000000e+00,0.00000000000000000e+00,0.00000000000000000e+00,8.89072936634118416e-11,

1,18
0.00000000000000000e+00,0.00000000000000000e+00,1.67688622981866070e-01,4.30673804855213171e-01,1.25818880277082562e+08,3.40253624356895626e+08,-0.00000000000000000e+00,2.01518140554873317e+08,0.00000000000000000e+00,0.00000000000000000e+00,0.00000000000000000e+00,2.12400000000000011e-10,1.00000000000000000e+00,0.00000000000000000e+00,0.00000000000000000e+00,0.00000000000000000e+00,0.00000000000000000e+00,1.02333515201209983e-05,

