1
1
18
0
(1 0
((0,0,0) (63,63,17) (0,0,0))
)
1
FabOnDisk: Cell_D_00000 0

1,18
0.00000000000000000e+00,0.00000000000000000e+00,-1.67659280299308489e-01,-4.29849590946120241e-01,-1.25765563327193826e+08,-3.39947980691473842e+08,-0.00000000000000000e+00,-2.01301314020979583e+08,0.00000000000000000e+00,0.00000000000000000e+00,0.00000000000000000e+00,8.85000000000000046e-11,0.00000000000000000e+00,0.00000000000000000e+00,0.00000000000000000e+00,0.00000000000000000e+00,0.00000000000000000e+00,6.01532013730390123e-10,

1,18
0.00000000000000000e+00,0.00000000000000000e+00,1.67659280343109757e-01,4.29849590505514245e-01,1.25765563757406056e+08,3.39947978424134672e+08,-0.00000000000000000e+00,2.01301313674715936e+08,0.00000000000000000e+00,0.00000000000000000e+00,0.00000000000000000e+00,2.12400000000000011e-10,1.00000000000000000e+00,0.00000000000000000e+00,0.00000000000000000e+00,0.00000000000000000e+00,0.00000000000000000e+00,8.45044819602442561e-07,

