1
1
18
0
(1 0
((0,0,0) (63,63,17) (0,0,0))
)
1
FabOnDisk: Cell_D_00000 0

1,18
0.00000000000000000e+00,0.00000000000000000e+00,-1.67666204293527410e-01,-4.29904725665201826e-01,-1.25775797605599433e+08,-3.39996864866437614e+08,-0.00000000000000000e+00,-2.01323392752415091e+08,0.00000000000000000e+00,0.00000000000000000e+00,0.00000000000000000e+00,8.85000000000000046e-11,0.00000000000000000e+00,0.00000000000000000e+00,0.00000000000000000e+00,0.00000000000000000e+00,0.00000000000000000e+00,1.40930404328277688e-10,

1,18
0.00000000000000000e+00,0.00000000000000000e+00,1.67666225485902487e-01,4.29904518215674547e-01,1.25775936249797389e+08,3.39996030893022358e+08,-0.00000000000000000e+00,2.01323294873551100e+08,0.00000000000000000e+00,0.00000000000000000e+00,0.00000000000000000e+00,2.12400000000000011e-10,1.00000000000000000e+00,0.00000000000000000e+00,0.00000000000000000e+00,0.00000000000000000e+00,0.00000000000000000e+00,9.45914730539619475e-07,

