1
1
18
0
(1 0
((0,0,0) (63,63,17) (0,0,0))
)
1
FabOnDisk: Cell_D_00000 0

1,18
0.00000000000000000e+00,0.00000000000000000e+00,-1.67674797779830742e-01,-4.30171478437543386e-01,-1.25789705110624313e+08,-3.40111941510436654e+08,-0.00000000000000000e+00,-2.01393696798970580e+08,0.00000000000000000e+00,0.00000000000000000e+00,0.00000000000000000e+00,8.85000000000000046e-11,0.00000000000000000e+00,0.00000000000000000e+00,0.00000000000000000e+00,0.00000000000000000e+00,0.00000000000000000e+00,6.74804040258583165e-10,

1,18
0.00000000000000000e+00,0.00000000000000000e+00,1.67675367046039997e-01,4.30166165759822972e-01,1.25792663065159231e+08,3.40092540528477669e+08,-0.00000000000000000e+00,2.01391787295739949e+08,0.00000000000000000e+00,0.00000000000000000e+00,0.00000000000000000e+00,2.12400000000000011e-10,1.00000000000000000e+00,0.00000000000000000e+00,0.00000000000000000e+00,0.00000000000000000e+00,0.00000000000000000e+00,3.94612934613823636e-06,

