1
1
18
0
(1 0
((0,0,0) (63,63,17) (0,0,0))
)
1
FabOnDisk: Cell_D_00000 0

1,18
0.00000000000000000e+00,0.00000000000000000e+00,-1.67669967015928040e-01,-4.29992991589506768e-01,-1.25781692516935959e+08,-3.40039366735283554e+08,-0.00000000000000000e+00,-2.01348006930183202e+08,0.00000000000000000e+00,0.00000000000000000e+00,0.00000000000000000e+00,8.85000000000000046e-11,0.00000000000000000e+00,0.00000000000000000e+00,0.00000000000000000e+00,0.00000000000000000e+00,0.00000000000000000e+00,1.38160470541822379e-11,

1,18
0.00000000000000000e+00,0.00000000000000000e+00,1.67670142769055341e-01,4.29991302155992017e-01,1.25782698727189124e+08,3.40033001348982751e+08,-0.00000000000000000e+00,2.01347333807232141e+08,0.00000000000000000e+00,0.00000000000000000e+00,0.00000000000000000e+00,2.12400000000000011e-10,1.00000000000000000e+00,0.00000000000000000e+00,0.00000000000000000e+00,0.00000000000000000e+00,0.00000000000000000e+00,1.84755514439070583e-06,

