1
1
18
0
(1 0
((0,0,0) (63,63,17) (0,0,0))
)
1
FabOnDisk: Cell_D_00000 0

1,18
0.00000000000000000e+00,0.00000000000000000e+00,-1.67660802929475605e-01,-4.29859637366117320e-01,-1.25767803296616733e+08,-3.39958164461651862e+08,-0.00000000000000000e+00,-2.01305718921979338e+08,0.00000000000000000e+00,0.00000000000000000e+00,0.00000000000000000e+00,8.85000000000000046e-11,0.00000000000000000e+00,0.00000000000000000e+00,0.00000000000000000e+00,0.00000000000000000e+00,0.00000000000000000e+00,5.71685042514234444e-10,

1,18
0.00000000000000000e+00,0.00000000000000000e+00,1.67660803100685901e-01,4.29859635656193617e-01,1.25767804822646111e+08,3.39958156201500893e+08,-0.00000000000000000e+00,2.01305717728305936e+08,0.00000000000000000e+00,0.00000000000000000e+00,0.00000000000000000e+00,2.12400000000000011e-10,1.00000000000000000e+00,0.00000000000000000e+00,0.00000000000000000e+00,0.00000000000000000e+00,0.00000000000000000e+00,8.37238459421879443e-07,

