1
1
18
0
(1 0
((0,0,0) (63,63,17) (0,0,0))
)
1
FabOnDisk: Cell_D_00000 0

1,18
0.00000000000000000e+00,0.00000000000000000e+00,-1.67326960178073525e-01,-4.86969625177740784e-01,-1.26901529814434797e+08,-3.60126249785684884e+08,-0.00000000000000000e+00,-2.13839310863636523e+08,0.00000000000000000e+00,0.00000000000000000e+00,0.00000000000000000e+00,8.85000000000000046e-11,0.00000000000000000e+00,0.00000000000000000e+00,0.00000000000000000e+00,0.00000000000000000e+00,0.00000000000000000e+00,5.16592954057766037e-08,

1,18
0.00000000000000000e+00,0.00000000000000000e+00,1.67923399830039510e-01,4.81131815457834511e-01,1.26843396735094756e+08,3.53199454876957297e+08,-0.00000000000000000e+00,2.13828818980012238e+08,0.00000000000000000e+00,0.00000000000000000e+00,0.00000000000000000e+00,2.12400000000000011e-10,1.00000000000000000e+00,0.00000000000000000e+00,0.00000000000000000e+00,0.00000000000000000e+00,0.00000000000000000e+00,6.90775902689834040e-04,

