1
1
18
0
(1 0
((0,0,0) (63,63,17) (0,0,0))
)
1
FabOnDisk: Cell_D_00000 0

1,18
0.00000000000000000e+00,0.00000000000000000e+00,-1.67666978987782989e-01,-4.29916974522253970e-01,-1.25776975598910630e+08,-3.40003992392806411e+08,-0.00000000000000000e+00,-2.01327179300206959e+08,0.00000000000000000e+00,0.00000000000000000e+00,0.00000000000000000e+00,8.85000000000000046e-11,0.00000000000000000e+00,0.00000000000000000e+00,0.00000000000000000e+00,0.00000000000000000e+00,0.00000000000000000e+00,1.66693928227644474e-11,

1,18
0.00000000000000000e+00,0.00000000000000000e+00,1.67667016666819796e-01,4.29916606830644921e-01,1.25777213717807770e+08,3.40002541388958275e+08,-0.00000000000000000e+00,2.01327013515547723e+08,0.00000000000000000e+00,0.00000000000000000e+00,0.00000000000000000e+00,2.12400000000000011e-10,1.00000000000000000e+00,0.00000000000000000e+00,0.00000000000000000e+00,0.00000000000000000e+00,0.00000000000000000e+00,1.04556452392130794e-06,

