1
1
18
0
(1 0
((0,0,0) (63,63,17) (0,0,0))
)
1
FabOnDisk: Cell_D_00000 0

1,18
0.00000000000000000e+00,0.00000000000000000e+00,-1.67677590554043687e-01,-4.30287253053672714e-01,-1.25794451399375498e+08,-3.40157476159053087e+08,-0.00000000000000000e+00,-2.01422834333630294e+08,0.00000000000000000e+00,0.00000000000000000e+00,0.00000000000000000e+00,8.85000000000000046e-11,0.00000000000000000e+00,0.00000000000000000e+00,0.00000000000000000e+00,0.00000000000000000e+00,0.00000000000000000e+00,1.16279321419495952e-09,

1,18
0.00000000000000000e+00,0.00000000000000000e+00,1.67678440868447021e-01,4.30279456738881572e-01,1.25798683795586869e+08,3.40129274613232255e+08,-0.00000000000000000e+00,2.01420140630024791e+08,0.00000000000000000e+00,0.00000000000000000e+00,0.00000000000000000e+00,2.12400000000000011e-10,1.00000000000000000e+00,0.00000000000000000e+00,0.00000000000000000e+00,0.00000000000000000e+00,0.00000000000000000e+00,5.33807061313845409e-06,

