1
1
18
0
(1 0
((0,0,0) (63,63,17) (0,0,0))
)
1
FabOnDisk: Cell_D_00000 0

1,18
0.00000000000000000e+00,0.00000000000000000e+00,-1.67726034193239198e-01,-4.32688239455953694e-01,-1.25884033851479769e+08,-3.41074710888520360e+08,-0.00000000000000000e+00,-2.02014339095151186e+08,0.00000000000000000e+00,0.00000000000000000e+00,0.00000000000000000e+00,8.85000000000000046e-11,0.00000000000000000e+00,0.00000000000000000e+00,0.00000000000000000e+00,0.00000000000000000e+00,0.00000000000000000e+00,1.35876825223559031e-08,

1,18
0.00000000000000000e+00,0.00000000000000000e+00,1.67735791106637888e-01,4.32620172337902564e-01,1.25913286503246918e+08,3.40836705976770222e+08,-0.00000000000000000e+00,2.01998439696407408e+08,0.00000000000000000e+00,0.00000000000000000e+00,0.00000000000000000e+00,2.12400000000000011e-10,1.00000000000000000e+00,0.00000000000000000e+00,0.00000000000000000e+00,0.00000000000000000e+00,0.00000000000000000e+00,3.45993944651630606e-05,

