1
1
18
0
(1 0
((0,0,0) (63,63,17) (0,0,0))
)
1
FabOnDisk: Cell_D_00000 0

1,18
0.00000000000000000e+00,0.00000000000000000e+00,-1.67656359715472686e-01,-4.29830436896572632e-01,-1.25761267507256895e+08,-3.39928480235912442e+08,-0.00000000000000000e+00,-2.01292890448850214e+08,0.00000000000000000e+00,0.00000000000000000e+00,0.00000000000000000e+00,8.85000000000000046e-11,0.00000000000000000e+00,0.00000000000000000e+00,0.00000000000000000e+00,0.00000000000000000e+00,0.00000000000000000e+00,6.33805797662759418e-10,

1,18
0.00000000000000000e+00,0.00000000000000000e+00,1.67656359718871412e-01,4.29830436861783571e-01,1.25761267549668908e+08,3.39928480030642331e+08,-0.00000000000000000e+00,2.01292890414202541e+08,0.00000000000000000e+00,0.00000000000000000e+00,0.00000000000000000e+00,2.12400000000000011e-10,1.00000000000000000e+00,0.00000000000000000e+00,0.00000000000000000e+00,0.00000000000000000e+00,0.00000000000000000e+00,8.61198190557099930e-07,

