1
1
18
0
(1 0
((0,0,0) (63,63,17) (0,0,0))
)
1
FabOnDisk: Cell_D_00000 0

1,18
0.00000000000000000e+00,0.00000000000000000e+00,-2.07917000819934951e-02,-4.58852218330718861e-02,-1.01695063395309616e+07,-3.08935898960855864e+07,-0.00000000000000000e+00,-2.98932683179132044e+07,0.00000000000000000e+00,0.00000000000000000e+00,0.00000000000000000e+00,8.85000000000000046e-11,0.00000000000000000e+00,0.00000000000000000e+00,0.00000000000000000e+00,0.00000000000000000e+00,0.00000000000000000e+00,4.27192192785177162e-07,

1,18
0.00000000000000000e+00,0.00000000000000000e+00,2.05996467125886124e-02,5.06898103295940067e-02,1.05394469764854070e+07,3.23481103803653046e+07,-0.00000000000000000e+00,3.17662546280688047e+07,0.00000000000000000e+00,0.00000000000000000e+00,0.00000000000000000e+00,2.12400000000000011e-10,1.00000000000000000e+00,0.00000000000000000e+00,0.00000000000000000e+00,0.00000000000000000e+00,0.00000000000000000e+00,2.24283096977181649e-02,

