1
1
18
0
(1 0
((0,0,0) (63,63,17) (0,0,0))
)
1
FabOnDisk: Cell_D_00000 0

1,18
0.00000000000000000e+00,0.00000000000000000e+00,-1.67665730211988523e-01,-4.29898614302656745e-01,-1.25775084503623322e+08,-3.39992881133138716e+08,-0.00000000000000000e+00,-2.01321375112226903e+08,0.00000000000000000e+00,0.00000000000000000e+00,0.00000000000000000e+00,8.85000000000000046e-11,0.00000000000000000e+00,0.00000000000000000e+00,0.00000000000000000e+00,0.00000000000000000e+00,0.00000000000000000e+00,4.06642444874255131e-11,

1,18
0.00000000000000000e+00,0.00000000000000000e+00,1.67665744652103127e-01,4.29898472700923906e-01,1.25775181174034476e+08,3.39992304583646297e+08,-0.00000000000000000e+00,2.01321306248516232e+08,0.00000000000000000e+00,0.00000000000000000e+00,0.00000000000000000e+00,2.12400000000000011e-10,1.00000000000000000e+00,0.00000000000000000e+00,0.00000000000000000e+00,0.00000000000000000e+00,0.00000000000000000e+00,9.05066602278797082e-07,

