1
1
18
0
(1 0
((0,0,0) (63,63,17) (0,0,0))
)
1
FabOnDisk: Cell_D_00000 0

1,18
0.00000000000000000e+00,0.00000000000000000e+00,-1.67660154423980856e-01,-4.29855346805403604e-01,-1.25766849211302161e+08,-3.39953823840927362e+08,-0.00000000000000000e+00,-2.01303840276349723e+08,0.00000000000000000e+00,0.00000000000000000e+00,0.00000000000000000e+00,8.85000000000000046e-11,0.00000000000000000e+00,0.00000000000000000e+00,0.00000000000000000e+00,0.00000000000000000e+00,0.00000000000000000e+00,5.86915240795147287e-10,

1,18
0.00000000000000000e+00,0.00000000000000000e+00,1.67660154519527926e-01,4.29855345848353165e-01,1.25766850096852571e+08,3.39953819094380081e+08,-0.00000000000000000e+00,2.01303839573903024e+08,0.00000000000000000e+00,0.00000000000000000e+00,0.00000000000000000e+00,2.12400000000000011e-10,1.00000000000000000e+00,0.00000000000000000e+00,0.00000000000000000e+00,0.00000000000000000e+00,0.00000000000000000e+00,8.40415612867712113e-07,

