1
1
18
0
(1 0
((0,0,0) (63,63,17) (0,0,0))
)
1
FabOnDisk: Cell_D_00000 0

1,18
0.00000000000000000e+00,0.00000000000000000e+00,-1.67668601226587805e-01,-4.29953020578080325e-01,-1.25779503638416752e+08,-3.40021762653227985e+08,-0.00000000000000000e+00,-2.01337357244251490e+08,0.00000000000000000e+00,0.00000000000000000e+00,0.00000000000000000e+00,8.85000000000000046e-11,0.00000000000000000e+00,0.00000000000000000e+00,0.00000000000000000e+00,0.00000000000000000e+00,0.00000000000000000e+00,9.79677141306044039e-12,

1,18
0.00000000000000000e+00,0.00000000000000000e+00,1.67668699705947027e-01,4.29952066866885418e-01,1.25780089896373510e+08,3.40018108397431970e+08,-0.00000000000000000e+00,2.01336958880255550e+08,0.00000000000000000e+00,0.00000000000000000e+00,0.00000000000000000e+00,2.12400000000000011e-10,1.00000000000000000e+00,0.00000000000000000e+00,0.00000000000000000e+00,0.00000000000000000e+00,0.00000000000000000e+00,1.40525134928014888e-06,

