1
1
18
0
(1 0
((0,0,0) (63,63,17) (0,0,0))
)
1
FabOnDisk: Cell_D_00000 0

1,18
0.00000000000000000e+00,0.00000000000000000e+00,-1.67659936926945169e-01,-4.29853912409918604e-01,-1.25766529248197839e+08,-3.39952369340688586e+08,-0.00000000000000000e+00,-2.01303211211364299e+08,0.00000000000000000e+00,0.00000000000000000e+00,0.00000000000000000e+00,8.85000000000000046e-11,0.00000000000000000e+00,0.00000000000000000e+00,0.00000000000000000e+00,0.00000000000000000e+00,0.00000000000000000e+00,5.91035442156468658e-10,

1,18
0.00000000000000000e+00,0.00000000000000000e+00,1.67659937005585125e-01,4.29853911621408513e-01,1.25766529988184229e+08,3.39952365394592464e+08,-0.00000000000000000e+00,2.01303210622750670e+08,0.00000000000000000e+00,0.00000000000000000e+00,0.00000000000000000e+00,2.12400000000000011e-10,1.00000000000000000e+00,0.00000000000000000e+00,0.00000000000000000e+00,0.00000000000000000e+00,0.00000000000000000e+00,8.41540477853428562e-07,

