1
1
18
0
(1 0
((0,0,0) (63,63,17) (0,0,0))
)
1
FabOnDisk: Cell_D_00000 0

1,18
0.00000000000000000e+00,0.00000000000000000e+00,-1.67720376039642377e-01,-4.96195581483708292e-01,-1.26942797927051619e+08,-3.62995119450255632e+08,-0.00000000000000000e+00,-2.17041437921688884e+08,0.00000000000000000e+00,0.00000000000000000e+00,0.00000000000000000e+00,8.85000000000000046e-11,0.00000000000000000e+00,0.00000000000000000e+00,0.00000000000000000e+00,0.00000000000000000e+00,0.00000000000000000e+00,5.80462997863886805e-09,

1,18
0.00000000000000000e+00,0.00000000000000000e+00,1.67743981103084167e-01,4.87934895245887346e-01,1.27009344812462509e+08,3.57866482386406124e+08,-0.00000000000000000e+00,2.15677682199793309e+08,0.00000000000000000e+00,0.00000000000000000e+00,0.00000000000000000e+00,2.12400000000000011e-10,1.00000000000000000e+00,0.00000000000000000e+00,0.00000000000000000e+00,0.00000000000000000e+00,0.00000000000000000e+00,8.14805619015108746e-04,

