1
1
18
0
(1 0
((0,0,0) (63,63,17) (0,0,0))
)
1
FabOnDisk: Cell_D_00000 0

1,18
0.00000000000000000e+00,0.00000000000000000e+00,-1.67679349110778475e-01,-4.30362687101366770e-01,-1.25797469802023962e+08,-3.40186895165098667e+08,-0.00000000000000000e+00,-2.01441730971634686e+08,0.00000000000000000e+00,0.00000000000000000e+00,0.00000000000000000e+00,8.85000000000000046e-11,0.00000000000000000e+00,0.00000000000000000e+00,0.00000000000000000e+00,0.00000000000000000e+00,0.00000000000000000e+00,2.77990484608583436e-10,

1,18
0.00000000000000000e+00,0.00000000000000000e+00,1.67680391298495601e-01,4.30353237311465908e-01,1.25802530682505339e+08,3.40152866654426098e+08,-0.00000000000000000e+00,2.01438535037668049e+08,0.00000000000000000e+00,0.00000000000000000e+00,0.00000000000000000e+00,2.12400000000000011e-10,1.00000000000000000e+00,0.00000000000000000e+00,0.00000000000000000e+00,0.00000000000000000e+00,0.00000000000000000e+00,6.24971026354613648e-06,

