1
1
18
0
(1 0
((0,0,0) (63,63,17) (0,0,0))
)
1
FabOnDisk: Cell_D_00000 0

1,18
0.00000000000000000e+00,0.00000000000000000e+00,-1.67658171701654563e-01,-4.29842313017342936e-01,-1.25763932649222136e+08,-3.39940576407343745e+08,-0.00000000000000000e+00,-2.01298114932253689e+08,0.00000000000000000e+00,0.00000000000000000e+00,0.00000000000000000e+00,8.85000000000000046e-11,0.00000000000000000e+00,0.00000000000000000e+00,0.00000000000000000e+00,0.00000000000000000e+00,0.00000000000000000e+00,6.15362243345580050e-10,

1,18
0.00000000000000000e+00,0.00000000000000000e+00,1.67658171718110538e-01,4.29842312850820307e-01,1.25763932820447996e+08,3.39940575507097781e+08,-0.00000000000000000e+00,2.01298114789322913e+08,0.00000000000000000e+00,0.00000000000000000e+00,0.00000000000000000e+00,2.12400000000000011e-10,1.00000000000000000e+00,0.00000000000000000e+00,0.00000000000000000e+00,0.00000000000000000e+00,0.00000000000000000e+00,8.51147054382616537e-07,

