1
1
18
0
(1 0
((0,0,0) (63,63,17) (0,0,0))
)
1
FabOnDisk: Cell_D_00000 0

1,18
0.00000000000000000e+00,0.00000000000000000e+00,-1.67821468599013895e-01,-4.46854513203320425e-01,-1.26323118382703483e+08,-3.46338427553765059e+08,-0.00000000000000000e+00,-2.05297421932515532e+08,0.00000000000000000e+00,0.00000000000000000e+00,0.00000000000000000e+00,8.85000000000000046e-11,0.00000000000000000e+00,0.00000000000000000e+00,0.00000000000000000e+00,0.00000000000000000e+00,0.00000000000000000e+00,3.12426622555136183e-08,

1,18
0.00000000000000000e+00,0.00000000000000000e+00,1.68002650901206363e-01,4.46171734741443060e-01,1.26448117883397564e+08,3.43939940335746706e+08,-0.00000000000000000e+00,2.05302677598363012e+08,0.00000000000000000e+00,0.00000000000000000e+00,0.00000000000000000e+00,2.12400000000000011e-10,1.00000000000000000e+00,0.00000000000000000e+00,0.00000000000000000e+00,0.00000000000000000e+00,0.00000000000000000e+00,2.03695196262504289e-04,

