1
1
18
0
(1 0
((0,0,0) (63,63,17) (0,0,0))
)
1
FabOnDisk: Cell_D_00000 0

1,18
0.00000000000000000e+00,0.00000000000000000e+00,-1.67662717634811803e-01,-4.29872603268282139e-01,-1.25770621666652456e+08,-3.39971061537566602e+08,-0.00000000000000000e+00,-2.01311330369632006e+08,0.00000000000000000e+00,0.00000000000000000e+00,0.00000000000000000e+00,8.85000000000000046e-11,0.00000000000000000e+00,0.00000000000000000e+00,0.00000000000000000e+00,0.00000000000000000e+00,0.00000000000000000e+00,4.62346699923596008e-10,

1,18
0.00000000000000000e+00,0.00000000000000000e+00,1.67662718612418354e-01,4.29872593579475271e-01,1.25770629402026445e+08,3.39971018022100925e+08,-0.00000000000000000e+00,2.01311324522030234e+08,0.00000000000000000e+00,0.00000000000000000e+00,0.00000000000000000e+00,2.12400000000000011e-10,1.00000000000000000e+00,0.00000000000000000e+00,0.00000000000000000e+00,0.00000000000000000e+00,0.00000000000000000e+00,8.32012929688912365e-07,

