1
1
18
0
(1 0
((0,0,0) (63,63,17) (0,0,0))
)
1
FabOnDisk: Cell_D_00000 0

1,18
0.00000000000000000e+00,0.00000000000000000e+00,-1.67661232097312790e-01,-4.29862493235278975e-01,-1.25768434778296217e+08,-3.39961041517277896e+08,-0.00000000000000000e+00,-2.01306965754983842e+08,0.00000000000000000e+00,0.00000000000000000e+00,0.00000000000000000e+00,8.85000000000000046e-11,0.00000000000000000e+00,0.00000000000000000e+00,0.00000000000000000e+00,0.00000000000000000e+00,0.00000000000000000e+00,5.58050114111502605e-10,

1,18
0.00000000000000000e+00,0.00000000000000000e+00,1.67661232349707812e-01,4.29862490719172152e-01,1.25768436965026319e+08,3.39961029566996872e+08,-0.00000000000000000e+00,2.01306964055429906e+08,0.00000000000000000e+00,0.00000000000000000e+00,0.00000000000000000e+00,2.12400000000000011e-10,1.00000000000000000e+00,0.00000000000000000e+00,0.00000000000000000e+00,0.00000000000000000e+00,0.00000000000000000e+00,8.35357612424399244e-07,

