1
1
18
0
(1 0
((0,0,0) (63,63,17) (0,0,0))
)
1
FabOnDisk: Cell_D_00000 0

1,18
0.00000000000000000e+00,0.00000000000000000e+00,-1.67690016509964346e-01,-4.30845938026712394e-01,-1.25816174580993786e+08,-3.40373314677076757e+08,-0.00000000000000000e+00,-2.01561950944715440e+08,0.00000000000000000e+00,0.00000000000000000e+00,0.00000000000000000e+00,8.85000000000000046e-11,0.00000000000000000e+00,0.00000000000000000e+00,0.00000000000000000e+00,0.00000000000000000e+00,0.00000000000000000e+00,7.61600551023464684e-10,

1,18
0.00000000000000000e+00,0.00000000000000000e+00,1.67692433281538406e-01,4.30825419296913537e-01,1.25826481836383760e+08,3.40300598459953368e+08,-0.00000000000000000e+00,2.01555689519808710e+08,0.00000000000000000e+00,0.00000000000000000e+00,0.00000000000000000e+00,2.12400000000000011e-10,1.00000000000000000e+00,0.00000000000000000e+00,0.00000000000000000e+00,0.00000000000000000e+00,0.00000000000000000e+00,1.21244195669186406e-05,

