1
1
18
0
(1 0
((0,0,0) (63,63,17) (0,0,0))
)
1
FabOnDisk: Cell_D_00000 0

1,18
0.00000000000000000e+00,0.00000000000000000e+00,-7.02708620164739354e-04,-2.82295737110550230e-04,-2.42630034012299788e+05,-7.98789810901526827e+05,-0.00000000000000000e+00,-1.25802700021508918e+06,0.00000000000000000e+00,0.00000000000000000e+00,0.00000000000000000e+00,8.85000000000000046e-11,0.00000000000000000e+00,0.00000000000000000e+00,0.00000000000000000e+00,0.00000000000000000e+00,0.00000000000000000e+00,1.55752688497851256e-05,

1,18
0.00000000000000000e+00,0.00000000000000000e+00,6.48497176167788631e-04,3.76771547058498552e-03,6.00039269466588972e+05,6.67801361757416511e+05,-0.00000000000000000e+00,1.45501905996154924e+06,0.00000000000000000e+00,0.00000000000000000e+00,0.00000000000000000e+00,2.12400000000000011e-10,1.00000000000000000e+00,0.00000000000000000e+00,0.00000000000000000e+00,0.00000000000000000e+00,0.00000000000000000e+00,2.19664411954601721e-02,

