1
1
18
0
(1 0
((0,0,0) (63,63,17) (0,0,0))
)
1
FabOnDisk: Cell_D_00000 0

1,18
0.00000000000000000e+00,0.00000000000000000e+00,-1.67655667818843168e-01,-4.29825904495269806e-01,-1.25760249880986318e+08,-3.39923862280606985e+08,-0.00000000000000000e+00,-2.01290896080969036e+08,0.00000000000000000e+00,0.00000000000000000e+00,0.00000000000000000e+00,8.85000000000000046e-11,0.00000000000000000e+00,0.00000000000000000e+00,0.00000000000000000e+00,0.00000000000000000e+00,0.00000000000000000e+00,6.40344723711403711e-10,

1,18
0.00000000000000000e+00,0.00000000000000000e+00,1.67655667820716725e-01,4.29825904475990561e-01,1.25760249905108675e+08,3.39923862162710309e+08,-0.00000000000000000e+00,2.01290896060613066e+08,0.00000000000000000e+00,0.00000000000000000e+00,0.00000000000000000e+00,2.12400000000000011e-10,1.00000000000000000e+00,0.00000000000000000e+00,0.00000000000000000e+00,0.00000000000000000e+00,0.00000000000000000e+00,8.65004788455956017e-07,

