1
1
18
0
(1 0
((0,0,0) (63,63,17) (0,0,0))
)
1
FabOnDisk: Cell_D_00000 0

1,18
0.00000000000000000e+00,0.00000000000000000e+00,-1.67825122375348273e-01,-4.41732826085668717e-01,-1.26180047111098826e+08,-3.44457717521500111e+08,-0.00000000000000000e+00,-2.04149407494221151e+08,0.00000000000000000e+00,0.00000000000000000e+00,0.00000000000000000e+00,8.85000000000000046e-11,0.00000000000000000e+00,0.00000000000000000e+00,0.00000000000000000e+00,0.00000000000000000e+00,0.00000000000000000e+00,2.37967219839629022e-08,

1,18
0.00000000000000000e+00,0.00000000000000000e+00,1.67919464403399749e-01,4.41326143363058032e-01,1.26280248267979920e+08,3.43024003939271331e+08,-0.00000000000000000e+00,2.04127384209459126e+08,0.00000000000000000e+00,0.00000000000000000e+00,0.00000000000000000e+00,2.12400000000000011e-10,1.00000000000000000e+00,0.00000000000000000e+00,0.00000000000000000e+00,0.00000000000000000e+00,0.00000000000000000e+00,1.43510201098763116e-04,

