1
1
18
0
(1 0
((0,0,0) (63,63,17) (0,0,0))
)
1
FabOnDisk: Cell_D_00000 0

1,18
0.00000000000000000e+00,0.00000000000000000e+00,-1.67662083662529909e-01,-4.29868228686821841e-01,-1.25769688097770140e+08,-3.39966769022090793e+08,-0.00000000000000000e+00,-2.01309454692922890e+08,0.00000000000000000e+00,0.00000000000000000e+00,0.00000000000000000e+00,8.85000000000000046e-11,0.00000000000000000e+00,0.00000000000000000e+00,0.00000000000000000e+00,0.00000000000000000e+00,0.00000000000000000e+00,5.16143195481294319e-10,

1,18
0.00000000000000000e+00,0.00000000000000000e+00,1.67662084210127460e-01,4.29868223246631931e-01,1.25769692599826559e+08,3.39966744011744797e+08,-0.00000000000000000e+00,2.01309451248853028e+08,0.00000000000000000e+00,0.00000000000000000e+00,0.00000000000000000e+00,2.12400000000000011e-10,1.00000000000000000e+00,0.00000000000000000e+00,0.00000000000000000e+00,0.00000000000000000e+00,0.00000000000000000e+00,8.32585868212021518e-07,

