1
1
18
0
(1 0
((0,0,0) (63,63,17) (0,0,0))
)
1
FabOnDisk: Cell_D_00000 0

1,18
0.00000000000000000e+00,0.00000000000000000e+00,-1.67667882179413918e-01,-4.29935313722351609e-01,-1.25778372621732101e+08,-3.40013412091116071e+08,-0.00000000000000000e+00,-2.01332471882610142e+08,0.00000000000000000e+00,0.00000000000000000e+00,0.00000000000000000e+00,8.85000000000000046e-11,0.00000000000000000e+00,0.00000000000000000e+00,0.00000000000000000e+00,0.00000000000000000e+00,0.00000000000000000e+00,1.64157593723827185e-11,

1,18
0.00000000000000000e+00,0.00000000000000000e+00,1.67667949207265882e-01,4.29934662278484536e-01,1.25778781505655587e+08,3.40010886944090366e+08,-0.00000000000000000e+00,2.01332191267096996e+08,0.00000000000000000e+00,0.00000000000000000e+00,0.00000000000000000e+00,2.12400000000000011e-10,1.00000000000000000e+00,0.00000000000000000e+00,0.00000000000000000e+00,0.00000000000000000e+00,0.00000000000000000e+00,1.22071922148906747e-06,

