1
1
18
0
(1 0
((0,0,0) (63,63,17) (0,0,0))
)
1
FabOnDisk: Cell_D_00000 0

1,18
0.00000000000000000e+00,0.00000000000000000e+00,-1.67698551191101608e-01,-4.31255067469815290e-01,-1.25831582194292039e+08,-3.40529869569187403e+08,-0.00000000000000000e+00,-2.01663071080445945e+08,0.00000000000000000e+00,0.00000000000000000e+00,0.00000000000000000e+00,8.85000000000000046e-11,0.00000000000000000e+00,0.00000000000000000e+00,0.00000000000000000e+00,0.00000000000000000e+00,0.00000000000000000e+00,3.57059186402948357e-09,

1,18
0.00000000000000000e+00,0.00000000000000000e+00,1.67702315487929160e-01,4.31224664948771597e-01,1.25846240106253594e+08,3.40422798109517336e+08,-0.00000000000000000e+00,2.01654401556361496e+08,0.00000000000000000e+00,0.00000000000000000e+00,0.00000000000000000e+00,2.12400000000000011e-10,1.00000000000000000e+00,0.00000000000000000e+00,0.00000000000000000e+00,0.00000000000000000e+00,0.00000000000000000e+00,1.71143969830719332e-05,

