1
1
18
0
(1 0
((0,0,0) (63,63,17) (0,0,0))
)
1
FabOnDisk: Cell_D_00000 0

1,18
0.00000000000000000e+00,0.00000000000000000e+00,-1.67664407685509775e-01,-4.29885418072642300e-01,-1.25773116077519059e+08,-3.39982818292381287e+08,-0.00000000000000000e+00,-2.01316580507193208e+08,0.00000000000000000e+00,0.00000000000000000e+00,0.00000000000000000e+00,8.85000000000000046e-11,0.00000000000000000e+00,0.00000000000000000e+00,0.00000000000000000e+00,0.00000000000000000e+00,0.00000000000000000e+00,7.01856668816430479e-11,

1,18
0.00000000000000000e+00,0.00000000000000000e+00,1.67664412248714922e-01,4.29885373117861402e-01,1.25773148839719653e+08,3.39982627778429508e+08,-0.00000000000000000e+00,2.01316556552151412e+08,0.00000000000000000e+00,0.00000000000000000e+00,0.00000000000000000e+00,2.12400000000000011e-10,1.00000000000000000e+00,0.00000000000000000e+00,0.00000000000000000e+00,0.00000000000000000e+00,0.00000000000000000e+00,8.47160482731186076e-07,

