1
1
18
0
(1 0
((0,0,0) (63,63,17) (0,0,0))
)
1
FabOnDisk: Cell_D_00000 0

1,18
0.00000000000000000e+00,0.00000000000000000e+00,-2.24176365665048173e-03,-4.60814810093556054e-03,-1.06882833981668320e+06,-3.21974491623042990e+06,-0.00000000000000000e+00,-3.16473593372611841e+06,0.00000000000000000e+00,0.00000000000000000e+00,0.00000000000000000e+00,8.85000000000000046e-11,0.00000000000000000e+00,0.00000000000000000e+00,0.00000000000000000e+00,0.00000000000000000e+00,0.00000000000000000e+00,1.00914313208811639e-06,

1,18
0.00000000000000000e+00,0.00000000000000000e+00,2.27238370562342406e-03,5.81975498009537021e-03,1.14633713240614603e+06,2.97149114898464596e+06,-0.00000000000000000e+00,3.47817948133563111e+06,0.00000000000000000e+00,0.00000000000000000e+00,0.00000000000000000e+00,2.12400000000000011e-10,1.00000000000000000e+00,0.00000000000000000e+00,0.00000000000000000e+00,0.00000000000000000e+00,0.00000000000000000e+00,1.98070608638871264e-02,

