1
1
18
0
(1 0
((0,0,0) (63,63,17) (0,0,0))
)
1
FabOnDisk: Cell_D_00000 0

1,18
0.00000000000000000e+00,0.00000000000000000e+00,-1.67663560224023400e-01,-4.29878689109803702e-01,-1.25771863760932446e+08,-3.39976840499948561e+08,-0.00000000000000000e+00,-2.01313882189425170e+08,0.00000000000000000e+00,0.00000000000000000e+00,0.00000000000000000e+00,8.85000000000000046e-11,0.00000000000000000e+00,0.00000000000000000e+00,0.00000000000000000e+00,0.00000000000000000e+00,0.00000000000000000e+00,3.32199303669958153e-10,

1,18
0.00000000000000000e+00,0.00000000000000000e+00,1.67663562337843436e-01,4.29878668223961202e-01,1.25771879684633285e+08,3.39976749445060134e+08,-0.00000000000000000e+00,2.01313870350479454e+08,0.00000000000000000e+00,0.00000000000000000e+00,0.00000000000000000e+00,2.12400000000000011e-10,1.00000000000000000e+00,0.00000000000000000e+00,0.00000000000000000e+00,0.00000000000000000e+00,0.00000000000000000e+00,8.35169510113826514e-07,

