1
1
18
0
(1 0
((0,0,0) (63,63,17) (0,0,0))
)
1
FabOnDisk: Cell_D_00000 0

1,18
0.00000000000000000e+00,0.00000000000000000e+00,-1.67665964051913752e-01,-4.29901511882845200e-01,-1.25775435593061641e+08,-3.39994814221463382e+08,-0.00000000000000000e+00,-2.01322345023382187e+08,0.00000000000000000e+00,0.00000000000000000e+00,0.00000000000000000e+00,8.85000000000000046e-11,0.00000000000000000e+00,0.00000000000000000e+00,0.00000000000000000e+00,0.00000000000000000e+00,0.00000000000000000e+00,1.30412816071349377e-11,

1,18
0.00000000000000000e+00,0.00000000000000000e+00,1.67665981545522952e-01,4.29901340485253747e-01,1.25775551361642659e+08,3.39994120807570577e+08,-0.00000000000000000e+00,2.01322262921835393e+08,0.00000000000000000e+00,0.00000000000000000e+00,0.00000000000000000e+00,2.12400000000000011e-10,1.00000000000000000e+00,0.00000000000000000e+00,0.00000000000000000e+00,0.00000000000000000e+00,0.00000000000000000e+00,9.23515233727092784e-07,

