1
1
18
0
(1 0
((0,0,0) (63,63,17) (0,0,0))
)
1
FabOnDisk: Cell_D_00000 0

1,18
0.00000000000000000e+00,0.00000000000000000e+00,-1.67645807242606776e-01,-5.05420912408436340e-01,-1.26974874521566182e+08,-3.65625174933890760e+08,-0.00000000000000000e+00,-2.20270730711474597e+08,0.00000000000000000e+00,0.00000000000000000e+00,0.00000000000000000e+00,8.85000000000000046e-11,0.00000000000000000e+00,0.00000000000000000e+00,0.00000000000000000e+00,0.00000000000000000e+00,0.00000000000000000e+00,1.63272197433970456e-07,

1,18
0.00000000000000000e+00,0.00000000000000000e+00,1.66931721777737935e-01,4.93737180479051185e-01,1.26949600263176769e+08,3.62352903817724645e+08,-0.00000000000000000e+00,2.17536085801837683e+08,0.00000000000000000e+00,0.00000000000000000e+00,0.00000000000000000e+00,2.12400000000000011e-10,1.00000000000000000e+00,0.00000000000000000e+00,0.00000000000000000e+00,0.00000000000000000e+00,0.00000000000000000e+00,1.10718937612166936e-03,

