1
1
18
0
(1 0
((0,0,0) (63,63,17) (0,0,0))
)
1
FabOnDisk: Cell_D_00000 0

1,18
0.00000000000000000e+00,0.00000000000000000e+00,-1.67664622029959326e-01,-4.29887277728393746e-01,-1.25773433623739943e+08,-3.39984373162163913e+08,-0.00000000000000000e+00,-2.01317297148084909e+08,0.00000000000000000e+00,0.00000000000000000e+00,0.00000000000000000e+00,8.85000000000000046e-11,0.00000000000000000e+00,0.00000000000000000e+00,0.00000000000000000e+00,0.00000000000000000e+00,0.00000000000000000e+00,1.49807631152775047e-12,

1,18
0.00000000000000000e+00,0.00000000000000000e+00,1.67664627559965390e-01,4.29887223289248055e-01,1.25773472867278218e+08,3.39984144033846438e+08,-0.00000000000000000e+00,2.01317268580342919e+08,0.00000000000000000e+00,0.00000000000000000e+00,0.00000000000000000e+00,2.12400000000000011e-10,1.00000000000000000e+00,0.00000000000000000e+00,0.00000000000000000e+00,0.00000000000000000e+00,0.00000000000000000e+00,8.52485574643075319e-07,

