1
1
18
0
(1 0
((0,0,0) (63,63,17) (0,0,0))
)
1
FabOnDisk: Cell_D_00000 0

1,18
0.00000000000000000e+00,0.00000000000000000e+00,-1.67759057280694429e-01,-4.34696169989979453e-01,-1.25954687860459358e+08,-3.41832956661124527e+08,-0.00000000000000000e+00,-2.02500179877786338e+08,0.00000000000000000e+00,0.00000000000000000e+00,0.00000000000000000e+00,8.85000000000000046e-11,0.00000000000000000e+00,0.00000000000000000e+00,0.00000000000000000e+00,0.00000000000000000e+00,0.00000000000000000e+00,6.12789287860234976e-09,

1,18
0.00000000000000000e+00,0.00000000000000000e+00,1.67780521185211612e-01,4.34568032404194893e-01,1.26002782031143546e+08,3.41384596178691506e+08,-0.00000000000000000e+00,2.02477087716801584e+08,0.00000000000000000e+00,0.00000000000000000e+00,0.00000000000000000e+00,2.12400000000000011e-10,1.00000000000000000e+00,0.00000000000000000e+00,0.00000000000000000e+00,0.00000000000000000e+00,0.00000000000000000e+00,5.90231686644210397e-05,

