1
1
18
0
(1 0
((0,0,0) (63,63,17) (0,0,0))
)
1
FabOnDisk: Cell_D_00000 0

1,18
0.00000000000000000e+00,0.00000000000000000e+00,-1.67665277224828213e-01,-4.29893562385264771e-01,-1.25774407446874365e+08,-3.39989289464643896e+08,-0.00000000000000000e+00,-2.01319617701180726e+08,0.00000000000000000e+00,0.00000000000000000e+00,0.00000000000000000e+00,8.85000000000000046e-11,0.00000000000000000e+00,0.00000000000000000e+00,0.00000000000000000e+00,0.00000000000000000e+00,0.00000000000000000e+00,2.34768941783710911e-11,

1,18
0.00000000000000000e+00,0.00000000000000000e+00,1.67665287062801927e-01,4.29893465756826132e-01,1.25774474843548447e+08,3.39988890869957089e+08,-0.00000000000000000e+00,2.01319569261231899e+08,0.00000000000000000e+00,0.00000000000000000e+00,0.00000000000000000e+00,2.12400000000000011e-10,1.00000000000000000e+00,0.00000000000000000e+00,0.00000000000000000e+00,0.00000000000000000e+00,0.00000000000000000e+00,8.77493036705647061e-07,

