1
1
18
0
(1 0
((0,0,0) (63,63,17) (0,0,0))
)
1
FabOnDisk: Cell_D_00000 0

1,18
0.00000000000000000e+00,0.00000000000000000e+00,-1.67658394868969662e-01,-4.29843776952812173e-01,-1.25764260902693674e+08,-3.39942066594261467e+08,-0.00000000000000000e+00,-2.01298758672065169e+08,0.00000000000000000e+00,0.00000000000000000e+00,0.00000000000000000e+00,8.85000000000000046e-11,0.00000000000000000e+00,0.00000000000000000e+00,0.00000000000000000e+00,0.00000000000000000e+00,0.00000000000000000e+00,6.12824930663231657e-10,

1,18
0.00000000000000000e+00,0.00000000000000000e+00,1.67658394888992285e-01,4.29843776750445994e-01,1.25764261111562878e+08,3.39942065511334181e+08,-0.00000000000000000e+00,2.01298758501455009e+08,0.00000000000000000e+00,0.00000000000000000e+00,0.00000000000000000e+00,2.12400000000000011e-10,1.00000000000000000e+00,0.00000000000000000e+00,0.00000000000000000e+00,0.00000000000000000e+00,0.00000000000000000e+00,8.49909624179418497e-07,

