1
1
18
0
(1 0
((0,0,0) (63,63,17) (0,0,0))
)
1
FabOnDisk: Cell_D_00000 0

1,18
0.00000000000000000e+00,0.00000000000000000e+00,-1.67658839022386791e-01,-4.29846692026486787e-01,-1.25764914220076755e+08,-3.39945032852754354e+08,-0.00000000000000000e+00,-2.01300040195522040e+08,0.00000000000000000e+00,0.00000000000000000e+00,0.00000000000000000e+00,8.85000000000000046e-11,0.00000000000000000e+00,0.00000000000000000e+00,0.00000000000000000e+00,0.00000000000000000e+00,0.00000000000000000e+00,6.07453189821167946e-10,

1,18
0.00000000000000000e+00,0.00000000000000000e+00,1.67658839052012371e-01,4.29846691727791552e-01,1.25764914521543473e+08,3.39945031285768688e+08,-0.00000000000000000e+00,2.01300039952452838e+08,0.00000000000000000e+00,0.00000000000000000e+00,0.00000000000000000e+00,2.12400000000000011e-10,1.00000000000000000e+00,0.00000000000000000e+00,0.00000000000000000e+00,0.00000000000000000e+00,0.00000000000000000e+00,8.47457171791510680e-07,

