1
1
18
0
(1 0
((0,0,0) (63,63,17) (0,0,0))
)
1
FabOnDisk: Cell_D_00000 0

1,18
0.00000000000000000e+00,0.00000000000000000e+00,-1.67658617307750057e-01,-4.29845236582657775e-01,-1.25764588095834523e+08,-3.39943552058157444e+08,-0.00000000000000000e+00,-2.01299400415703386e+08,0.00000000000000000e+00,0.00000000000000000e+00,0.00000000000000000e+00,8.85000000000000046e-11,0.00000000000000000e+00,0.00000000000000000e+00,0.00000000000000000e+00,0.00000000000000000e+00,0.00000000000000000e+00,6.10195139254083662e-10,

1,18
0.00000000000000000e+00,0.00000000000000000e+00,1.67658617332107712e-01,4.29845236336773739e-01,1.25764588345139965e+08,3.39943550755488515e+08,-0.00000000000000000e+00,2.01299400212059230e+08,0.00000000000000000e+00,0.00000000000000000e+00,0.00000000000000000e+00,2.12400000000000011e-10,1.00000000000000000e+00,0.00000000000000000e+00,0.00000000000000000e+00,0.00000000000000000e+00,0.00000000000000000e+00,8.48679218983807826e-07,

