1
1
18
0
(1 0
((0,0,0) (63,63,17) (0,0,0))
)
1
FabOnDisk: Cell_D_00000 0

1,18
0.00000000000000000e+00,0.00000000000000000e+00,-1.67657947801816809e-01,-4.29840844674498679e-01,-1.25763603318618208e+08,-3.39939081450491309e+08,-0.00000000000000000e+00,-2.01297469168379366e+08,0.00000000000000000e+00,0.00000000000000000e+00,0.00000000000000000e+00,8.85000000000000046e-11,0.00000000000000000e+00,0.00000000000000000e+00,0.00000000000000000e+00,0.00000000000000000e+00,0.00000000000000000e+00,6.17821901848996336e-10,

1,18
0.00000000000000000e+00,0.00000000000000000e+00,1.67657947815338548e-01,4.29840844537483169e-01,1.25763603464953825e+08,3.39939080702115774e+08,-0.00000000000000000e+00,2.01297469048641473e+08,0.00000000000000000e+00,0.00000000000000000e+00,0.00000000000000000e+00,2.12400000000000011e-10,1.00000000000000000e+00,0.00000000000000000e+00,0.00000000000000000e+00,0.00000000000000000e+00,0.00000000000000000e+00,8.52390391303498854e-07,

