1
1
18
0
(1 0
((0,0,0) (63,63,17) (0,0,0))
)
1
FabOnDisk: Cell_D_00000 0

1,18
0.00000000000000000e+00,0.00000000000000000e+00,-1.67656817195813074e-01,-4.29833434201056186e-01,-1.25761940373074412e+08,-3.39931533823367000e+08,-0.00000000000000000e+00,-2.01294209240183443e+08,0.00000000000000000e+00,0.00000000000000000e+00,0.00000000000000000e+00,8.85000000000000046e-11,0.00000000000000000e+00,0.00000000000000000e+00,0.00000000000000000e+00,0.00000000000000000e+00,0.00000000000000000e+00,6.29381801392557741e-10,

1,18
0.00000000000000000e+00,0.00000000000000000e+00,1.67656817200861702e-01,4.29833434149537175e-01,1.25761940430128872e+08,3.39931533526298463e+08,-0.00000000000000000e+00,2.01294209190797538e+08,0.00000000000000000e+00,0.00000000000000000e+00,0.00000000000000000e+00,2.12400000000000011e-10,1.00000000000000000e+00,0.00000000000000000e+00,0.00000000000000000e+00,0.00000000000000000e+00,0.00000000000000000e+00,8.58668334443873472e-07,

