1
1
18
0
(1 0
((0,0,0) (63,63,17) (0,0,0))
)
1
FabOnDisk: Cell_D_00000 0

1,18
0.00000000000000000e+00,0.00000000000000000e+00,-1.67616092387796983e-01,-4.58847697781625319e-01,-1.26591311661735564e+08,-3.50641867639929950e+08,-0.00000000000000000e+00,-2.07808048368883252e+08,0.00000000000000000e+00,0.00000000000000000e+00,0.00000000000000000e+00,8.85000000000000046e-11,0.00000000000000000e+00,0.00000000000000000e+00,0.00000000000000000e+00,0.00000000000000000e+00,0.00000000000000000e+00,4.97636848553719204e-08,

1,18
0.00000000000000000e+00,0.00000000000000000e+00,1.68131765250894988e-01,4.57236089797598388e-01,1.26732281082736611e+08,3.45143447263256133e+08,-0.00000000000000000e+00,2.07971224500603646e+08,0.00000000000000000e+00,0.00000000000000000e+00,0.00000000000000000e+00,2.12400000000000011e-10,1.00000000000000000e+00,0.00000000000000000e+00,0.00000000000000000e+00,0.00000000000000000e+00,0.00000000000000000e+00,3.40259981685352782e-04,

