1
1
18
0
(1 0
((0,0,0) (63,63,17) (0,0,0))
)
1
FabOnDisk: Cell_D_00000 0

1,18
0.00000000000000000e+00,0.00000000000000000e+00,-1.67673688448144481e-01,-4.30127347896076040e-01,-1.25787838858923391e+08,-3.40094390706436992e+08,-0.00000000000000000e+00,-2.01382524995965183e+08,0.00000000000000000e+00,0.00000000000000000e+00,0.00000000000000000e+00,8.85000000000000046e-11,0.00000000000000000e+00,0.00000000000000000e+00,0.00000000000000000e+00,0.00000000000000000e+00,0.00000000000000000e+00,5.93406773079236523e-11,

1,18
0.00000000000000000e+00,0.00000000000000000e+00,1.67674155298786820e-01,4.30122960452392178e-01,1.25790310986119226e+08,3.40078289016360223e+08,-0.00000000000000000e+00,2.01380918647627354e+08,0.00000000000000000e+00,0.00000000000000000e+00,0.00000000000000000e+00,2.12400000000000011e-10,1.00000000000000000e+00,0.00000000000000000e+00,0.00000000000000000e+00,0.00000000000000000e+00,0.00000000000000000e+00,3.41933597497386244e-06,

