1
1
18
0
(1 0
((0,0,0) (63,63,17) (0,0,0))
)
1
FabOnDisk: Cell_D_00000 0

1,18
0.00000000000000000e+00,0.00000000000000000e+00,-1.67669463409196196e-01,-4.29977411128843412e-01,-1.25780879836642444e+08,-3.40032643557410061e+08,-0.00000000000000000e+00,-2.01343898067888379e+08,0.00000000000000000e+00,0.00000000000000000e+00,0.00000000000000000e+00,8.85000000000000046e-11,0.00000000000000000e+00,0.00000000000000000e+00,0.00000000000000000e+00,0.00000000000000000e+00,0.00000000000000000e+00,2.14561674248916848e-10,

1,18
0.00000000000000000e+00,0.00000000000000000e+00,1.67669608249184893e-01,4.29976014902090142e-01,1.25781720287360236e+08,3.40027353761873603e+08,-0.00000000000000000e+00,2.01343332836909175e+08,0.00000000000000000e+00,0.00000000000000000e+00,0.00000000000000000e+00,2.12400000000000011e-10,1.00000000000000000e+00,0.00000000000000000e+00,0.00000000000000000e+00,0.00000000000000000e+00,0.00000000000000000e+00,1.67228675966352834e-06,

