1
1
18
0
(1 0
((0,0,0) (63,63,17) (0,0,0))
)
1
FabOnDisk: Cell_D_00000 0

1,18
0.00000000000000000e+00,0.00000000000000000e+00,-1.67667262027365926e-01,-4.29922238765999110e-01,-1.25777410536942825e+08,-3.40006812155963719e+08,-0.00000000000000000e+00,-2.01328733440514922e+08,0.00000000000000000e+00,0.00000000000000000e+00,0.00000000000000000e+00,8.85000000000000046e-11,0.00000000000000000e+00,0.00000000000000000e+00,0.00000000000000000e+00,0.00000000000000000e+00,0.00000000000000000e+00,1.03528752152395200e-10,

1,18
0.00000000000000000e+00,0.00000000000000000e+00,1.67667307677594163e-01,4.29921793830000620e-01,1.25777695681996211e+08,3.40005066897727668e+08,-0.00000000000000000e+00,2.01328535848425746e+08,0.00000000000000000e+00,0.00000000000000000e+00,0.00000000000000000e+00,2.12400000000000011e-10,1.00000000000000000e+00,0.00000000000000000e+00,0.00000000000000000e+00,0.00000000000000000e+00,0.00000000000000000e+00,1.09344111295558068e-06,

