1
1
18
0
(1 0
((0,0,0) (63,63,17) (0,0,0))
)
1
FabOnDisk: Cell_D_00000 0

1,18
0.00000000000000000e+00,0.00000000000000000e+00,-1.67664194637747621e-01,-4.29883643090330003e-01,-1.25772800824680865e+08,-3.39981292818364084e+08,-0.00000000000000000e+00,-2.01315884105077863e+08,0.00000000000000000e+00,0.00000000000000000e+00,0.00000000000000000e+00,8.85000000000000046e-11,0.00000000000000000e+00,0.00000000000000000e+00,0.00000000000000000e+00,0.00000000000000000e+00,0.00000000000000000e+00,1.54024912375896972e-10,

1,18
0.00000000000000000e+00,0.00000000000000000e+00,1.67664198402866338e-01,4.29883605970732996e-01,1.25772828183486596e+08,3.39981134411662340e+08,-0.00000000000000000e+00,2.01315864018742621e+08,0.00000000000000000e+00,0.00000000000000000e+00,0.00000000000000000e+00,2.12400000000000011e-10,1.00000000000000000e+00,0.00000000000000000e+00,0.00000000000000000e+00,0.00000000000000000e+00,0.00000000000000000e+00,8.42935103079589413e-07,

