1
1
18
0
(1 0
((0,0,0) (63,63,17) (0,0,0))
)
1
FabOnDisk: Cell_D_00000 0

1,18
0.00000000000000000e+00,0.00000000000000000e+00,-1.67676086994843543e-01,-4.30224205906574508e-01,-1.25791888281291917e+08,-3.40132752470529974e+08,-0.00000000000000000e+00,-2.01406992069495320e+08,0.00000000000000000e+00,0.00000000000000000e+00,0.00000000000000000e+00,8.85000000000000046e-11,0.00000000000000000e+00,0.00000000000000000e+00,0.00000000000000000e+00,0.00000000000000000e+00,0.00000000000000000e+00,1.00420983701611616e-10,

1,18
0.00000000000000000e+00,0.00000000000000000e+00,1.67676782145017744e-01,4.30217771175217867e-01,1.25795426914654911e+08,3.40109366985325813e+08,-0.00000000000000000e+00,2.01404723394961268e+08,0.00000000000000000e+00,0.00000000000000000e+00,0.00000000000000000e+00,2.12400000000000011e-10,1.00000000000000000e+00,0.00000000000000000e+00,0.00000000000000000e+00,0.00000000000000000e+00,0.00000000000000000e+00,4.57866089947769061e-06,

