1
1
18
0
(1 0
((0,0,0) (63,63,17) (0,0,0))
)
1
FabOnDisk: Cell_D_00000 0

1,18
0.00000000000000000e+00,0.00000000000000000e+00,-1.67662506650391119e-01,-4.29871133436300568e-01,-1.25770310906658977e+08,-3.39969629193404496e+08,-0.00000000000000000e+00,-2.01310703115842462e+08,0.00000000000000000e+00,0.00000000000000000e+00,0.00000000000000000e+00,8.85000000000000046e-11,0.00000000000000000e+00,0.00000000000000000e+00,0.00000000000000000e+00,0.00000000000000000e+00,0.00000000000000000e+00,4.83268178823481975e-10,

1,18
0.00000000000000000e+00,0.00000000000000000e+00,1.67662507456355359e-01,4.29871125442294000e-01,1.25770317370068684e+08,3.39969593013124228e+08,-0.00000000000000000e+00,2.01310698214028031e+08,0.00000000000000000e+00,0.00000000000000000e+00,0.00000000000000000e+00,2.12400000000000011e-10,1.00000000000000000e+00,0.00000000000000000e+00,0.00000000000000000e+00,0.00000000000000000e+00,0.00000000000000000e+00,8.32002994713326673e-07,

